TITLE = "1D Tensile with 5 elemets"
VARIABLES =    "X"   "Y"   "Z" "DIS"

ZONE T="Time =       0.0000" F=FEPOINT N=    6 E=    5 ET=LINESEG C=CYAN
      0.0000      0.0000      0.0000      0.0000
     10.0000      0.0000      0.0000      0.0000
     20.0000      0.0000      0.0000      0.0000
     30.0000      0.0000      0.0000      0.0000
     40.0000      0.0000      0.0000      0.0000
     50.0000      0.0000      0.0000      0.0000
           1           2
           2           3
           3           4
           4           5
           5           6
ZONE T="Time =       0.2000" F=FEPOINT N=    6 E=    5 ET=LINESEG C=CYAN
      0.0000      0.0000      0.0000      0.0000
     10.0001      0.0000      0.0000      0.0001
     20.0006      0.0000      0.0000      0.0006
     30.0062      0.0000      0.0000      0.0062
     40.0509      0.0000      0.0000      0.0509
     50.2884      0.0000      0.0000      0.2884
           1           2
           2           3
           3           4
           4           5
           5           6
ZONE T="Time =       0.4000" F=FEPOINT N=    6 E=    5 ET=LINESEG C=CYAN
      0.0000      0.0000      0.0000      0.0000
     10.0032      0.0000      0.0000      0.0032
     20.0173      0.0000      0.0000      0.0173
     30.0836      0.0000      0.0000      0.0836
     40.3052      0.0000      0.0000      0.3052
     50.7734      0.0000      0.0000      0.7734
           1           2
           2           3
           3           4
           4           5
           5           6
ZONE T="Time =       0.6000" F=FEPOINT N=    6 E=    5 ET=LINESEG C=CYAN
      0.0000      0.0000      0.0000      0.0000
     10.0295      0.0000      0.0000      0.0295
     20.1048      0.0000      0.0000      0.1048
     30.3117      0.0000      0.0000      0.3117
     40.7118      0.0000      0.0000      0.7118
     51.2229      0.0000      0.0000      1.2229
           1           2
           2           3
           3           4
           4           5
           5           6
ZONE T="Time =       0.8000" F=FEPOINT N=    6 E=    5 ET=LINESEG C=CYAN
      0.0000      0.0000      0.0000      0.0000
     10.1174      0.0000      0.0000      0.1174
     20.3150      0.0000      0.0000      0.3150
     30.6718      0.0000      0.0000      0.6718
     41.1518      0.0000      0.0000      1.1518
     51.6493      0.0000      0.0000      1.6493
           1           2
           2           3
           3           4
           4           5
           5           6
ZONE T="Time =       1.0000" F=FEPOINT N=    6 E=    5 ET=LINESEG C=CYAN
      0.0000      0.0000      0.0000      0.0000
     10.2827      0.0000      0.0000      0.2827
     20.6347      0.0000      0.0000      0.6347
     31.0884      0.0000      0.0000      1.0884
     41.5822      0.0000      0.0000      1.5822
     52.0768      0.0000      0.0000      2.0768
           1           2
           2           3
           3           4
           4           5
           5           6
ZONE T="Time =       1.2000" F=FEPOINT N=    6 E=    5 ET=LINESEG C=CYAN
      0.0000      0.0000      0.0000      0.0000
     10.4897      0.0000      0.0000      0.4897
     20.9936      0.0000      0.0000      0.9936
     31.5041      0.0000      0.0000      1.5041
     42.0037      0.0000      0.0000      2.0037
     52.5023      0.0000      0.0000      2.5023
           1           2
           2           3
           3           4
           4           5
           5           6
ZONE T="Time =       1.4000" F=FEPOINT N=    6 E=    5 ET=LINESEG C=CYAN
      0.0000      0.0000      0.0000      0.0000
     10.6783      0.0000      0.0000      0.6783
     21.3170      0.0000      0.0000      1.3170
     31.8875      0.0000      0.0000      1.8875
     42.4115      0.0000      0.0000      2.4115
     52.9171      0.0000      0.0000      2.9171
           1           2
           2           3
           3           4
           4           5
           5           6
ZONE T="Time =       1.6000" F=FEPOINT N=    6 E=    5 ET=LINESEG C=CYAN
      0.0000      0.0000      0.0000      0.0000
     10.8104      0.0000      0.0000      0.8104
     21.5617      0.0000      0.0000      1.5617
     32.2130      0.0000      0.0000      2.2130
     42.7852      0.0000      0.0000      2.7852
     53.3054      0.0000      0.0000      3.3054
           1           2
           2           3
           3           4
           4           5
           5           6
ZONE T="Time =       1.8000" F=FEPOINT N=    6 E=    5 ET=LINESEG C=CYAN
      0.0000      0.0000      0.0000      0.0000
     10.8846      0.0000      0.0000      0.8846
     21.7198      0.0000      0.0000      1.7198
     32.4585      0.0000      0.0000      2.4585
     43.0946      0.0000      0.0000      3.0946
     53.6377      0.0000      0.0000      3.6377
           1           2
           2           3
           3           4
           4           5
           5           6
ZONE T="Time =       2.0000" F=FEPOINT N=    6 E=    5 ET=LINESEG C=CYAN
      0.0000      0.0000      0.0000      0.0000
     10.9182      0.0000      0.0000      0.9182
     21.8044      0.0000      0.0000      1.8044
     32.6124      0.0000      0.0000      2.6124
     43.3088      0.0000      0.0000      3.3088
     53.8758      0.0000      0.0000      3.8758
           1           2
           2           3
           3           4
           4           5
           5           6
ZONE T="Time =       2.2000" F=FEPOINT N=    6 E=    5 ET=LINESEG C=CYAN
      0.0000      0.0000      0.0000      0.0000
     10.9270      0.0000      0.0000      0.9270
     21.8322      0.0000      0.0000      1.8322
     32.6742      0.0000      0.0000      2.6742
     43.4058      0.0000      0.0000      3.4058
     53.9881      0.0000      0.0000      3.9881
           1           2
           2           3
           3           4
           4           5
           5           6
ZONE T="Time =       2.4000" F=FEPOINT N=    6 E=    5 ET=LINESEG C=CYAN
      0.0000      0.0000      0.0000      0.0000
     10.9167      0.0000      0.0000      0.9167
     21.8124      0.0000      0.0000      1.8124
     32.6490      0.0000      0.0000      2.6490
     43.3803      0.0000      0.0000      3.3803
     53.9634      0.0000      0.0000      3.9634
           1           2
           2           3
           3           4
           4           5
           5           6
ZONE T="Time =       2.6000" F=FEPOINT N=    6 E=    5 ET=LINESEG C=CYAN
      0.0000      0.0000      0.0000      0.0000
     10.8853      0.0000      0.0000      0.8853
     21.7456      0.0000      0.0000      1.7456
     32.5435      0.0000      0.0000      2.5435
     43.2434      0.0000      0.0000      3.2434
     53.8142      0.0000      0.0000      3.8142
           1           2
           2           3
           3           4
           4           5
           5           6
ZONE T="Time =       2.8000" F=FEPOINT N=    6 E=    5 ET=LINESEG C=CYAN
      0.0000      0.0000      0.0000      0.0000
     10.8289      0.0000      0.0000      0.8289
     21.6296      0.0000      0.0000      1.6296
     32.3665      0.0000      0.0000      2.3665
     43.0176      0.0000      0.0000      3.0176
     53.5695      0.0000      0.0000      3.5695
           1           2
           2           3
           3           4
           4           5
           5           6
ZONE T="Time =       3.0000" F=FEPOINT N=    6 E=    5 ET=LINESEG C=CYAN
      0.0000      0.0000      0.0000      0.0000
     10.7468      0.0000      0.0000      0.7468
     21.4672      0.0000      0.0000      1.4672
     32.1319      0.0000      0.0000      2.1319
     42.7306      0.0000      0.0000      2.7306
     53.2631      0.0000      0.0000      3.2631
           1           2
           2           3
           3           4
           4           5
           5           6
ZONE T="Time =       3.2000" F=FEPOINT N=    6 E=    5 ET=LINESEG C=CYAN
      0.0000      0.0000      0.0000      0.0000
     10.6441      0.0000      0.0000      0.6441
     21.2701      0.0000      0.0000      1.2701
     31.8595      0.0000      0.0000      1.8595
     42.4097      0.0000      0.0000      2.4097
     52.9254      0.0000      0.0000      2.9254
           1           2
           2           3
           3           4
           4           5
           5           6
ZONE T="Time =       3.4000" F=FEPOINT N=    6 E=    5 ET=LINESEG C=CYAN
      0.0000      0.0000      0.0000      0.0000
     10.5317      0.0000      0.0000      0.5317
     21.0576      0.0000      0.0000      1.0576
     31.5732      0.0000      0.0000      1.5732
     42.0798      0.0000      0.0000      2.0798
     52.5814      0.0000      0.0000      2.5814
           1           2
           2           3
           3           4
           4           5
           5           6
ZONE T="Time =       3.6000" F=FEPOINT N=    6 E=    5 ET=LINESEG C=CYAN
      0.0000      0.0000      0.0000      0.0000
     10.4223      0.0000      0.0000      0.4223
     20.8518      0.0000      0.0000      0.8518
     31.2974      0.0000      0.0000      1.2974
     41.7636      0.0000      0.0000      1.7636
     52.2522      0.0000      0.0000      2.2522
           1           2
           2           3
           3           4
           4           5
           5           6
ZONE T="Time =       3.8000" F=FEPOINT N=    6 E=    5 ET=LINESEG C=CYAN
      0.0000      0.0000      0.0000      0.0000
     10.3273      0.0000      0.0000      0.3273
     20.6720      0.0000      0.0000      0.6720
     31.0541      0.0000      0.0000      1.0541
     41.4818      0.0000      0.0000      1.4818
     51.9577      0.0000      0.0000      1.9577
           1           2
           2           3
           3           4
           4           5
           5           6
ZONE T="Time =       4.0000" F=FEPOINT N=    6 E=    5 ET=LINESEG C=CYAN
      0.0000      0.0000      0.0000      0.0000
     10.2543      0.0000      0.0000      0.2543
     20.5318      0.0000      0.0000      0.5318
     30.8602      0.0000      0.0000      0.8602
     41.2533      0.0000      0.0000      1.2533
     51.7171      0.0000      0.0000      1.7171
           1           2
           2           3
           3           4
           4           5
           5           6
ZONE T="Time =       4.2000" F=FEPOINT N=    6 E=    5 ET=LINESEG C=CYAN
      0.0000      0.0000      0.0000      0.0000
     10.2063      0.0000      0.0000      0.2063
     20.4380      0.0000      0.0000      0.4380
     30.7271      0.0000      0.0000      0.7271
     41.0929      0.0000      0.0000      1.0929
     51.5470      0.0000      0.0000      1.5470
           1           2
           2           3
           3           4
           4           5
           5           6
ZONE T="Time =       4.4000" F=FEPOINT N=    6 E=    5 ET=LINESEG C=CYAN
      0.0000      0.0000      0.0000      0.0000
     10.1837      0.0000      0.0000      0.1837
     20.3927      0.0000      0.0000      0.3927
     30.6605      0.0000      0.0000      0.6605
     41.0106      0.0000      0.0000      1.0106
     51.4588      0.0000      0.0000      1.4588
           1           2
           2           3
           3           4
           4           5
           5           6
ZONE T="Time =       4.6000" F=FEPOINT N=    6 E=    5 ET=LINESEG C=CYAN
      0.0000      0.0000      0.0000      0.0000
     10.1852      0.0000      0.0000      0.1852
     20.3946      0.0000      0.0000      0.3946
     30.6610      0.0000      0.0000      0.6610
     41.0092      0.0000      0.0000      1.0092
     51.4565      0.0000      0.0000      1.4565
           1           2
           2           3
           3           4
           4           5
           5           6
ZONE T="Time =       4.8000" F=FEPOINT N=    6 E=    5 ET=LINESEG C=CYAN
      0.0000      0.0000      0.0000      0.0000
     10.2089      0.0000      0.0000      0.2089
     20.4403      0.0000      0.0000      0.4403
     30.7245      0.0000      0.0000      0.7245
     41.0844      0.0000      0.0000      1.0844
     51.5358      0.0000      0.0000      1.5358
           1           2
           2           3
           3           4
           4           5
           5           6
ZONE T="Time =       5.0000" F=FEPOINT N=    6 E=    5 ET=LINESEG C=CYAN
      0.0000      0.0000      0.0000      0.0000
     10.2524      0.0000      0.0000      0.2524
     20.5246      0.0000      0.0000      0.5246
     30.8429      0.0000      0.0000      0.8429
     41.2256      0.0000      0.0000      1.2256
     51.6850      0.0000      0.0000      1.6850
           1           2
           2           3
           3           4
           4           5
           5           6
ZONE T="Time =       5.2000" F=FEPOINT N=    6 E=    5 ET=LINESEG C=CYAN
      0.0000      0.0000      0.0000      0.0000
     10.3122      0.0000      0.0000      0.3122
     20.6402      0.0000      0.0000      0.6402
     31.0043      0.0000      0.0000      1.0043
     41.4175      0.0000      0.0000      1.4175
     51.8876      0.0000      0.0000      1.8876
           1           2
           2           3
           3           4
           4           5
           5           6
ZONE T="Time =       5.4000" F=FEPOINT N=    6 E=    5 ET=LINESEG C=CYAN
      0.0000      0.0000      0.0000      0.0000
     10.3835      0.0000      0.0000      0.3835
     20.7773      0.0000      0.0000      0.7773
     31.1944      0.0000      0.0000      1.1944
     41.6421      0.0000      0.0000      1.6421
     52.1242      0.0000      0.0000      2.1242
           1           2
           2           3
           3           4
           4           5
           5           6
ZONE T="Time =       5.6000" F=FEPOINT N=    6 E=    5 ET=LINESEG C=CYAN
      0.0000      0.0000      0.0000      0.0000
     10.4603      0.0000      0.0000      0.4603
     20.9245      0.0000      0.0000      0.9245
     31.3972      0.0000      0.0000      1.3972
     41.8804      0.0000      0.0000      1.8804
     52.3747      0.0000      0.0000      2.3747
           1           2
           2           3
           3           4
           4           5
           5           6
ZONE T="Time =       5.8000" F=FEPOINT N=    6 E=    5 ET=LINESEG C=CYAN
      0.0000      0.0000      0.0000      0.0000
     10.5361      0.0000      0.0000      0.5361
     21.0694      0.0000      0.0000      1.0694
     31.5962      0.0000      0.0000      1.5962
     42.1137      0.0000      0.0000      2.1137
     52.6197      0.0000      0.0000      2.6197
           1           2
           2           3
           3           4
           4           5
           5           6
ZONE T="Time =       6.0000" F=FEPOINT N=    6 E=    5 ET=LINESEG C=CYAN
      0.0000      0.0000      0.0000      0.0000
     10.6048      0.0000      0.0000      0.6048
     21.2007      0.0000      0.0000      1.2007
     31.7765      0.0000      0.0000      1.7765
     42.3249      0.0000      0.0000      2.3249
     52.8415      0.0000      0.0000      2.8415
           1           2
           2           3
           3           4
           4           5
           5           6
ZONE T="Time =       6.2000" F=FEPOINT N=    6 E=    5 ET=LINESEG C=CYAN
      0.0000      0.0000      0.0000      0.0000
     10.6612      0.0000      0.0000      0.6612
     21.3087      0.0000      0.0000      1.3087
     31.9252      0.0000      0.0000      1.9252
     42.4995      0.0000      0.0000      2.4995
     53.0251      0.0000      0.0000      3.0251
           1           2
           2           3
           3           4
           4           5
           5           6
ZONE T="Time =       6.4000" F=FEPOINT N=    6 E=    5 ET=LINESEG C=CYAN
      0.0000      0.0000      0.0000      0.0000
     10.7017      0.0000      0.0000      0.7017
     21.3865      0.0000      0.0000      1.3865
     32.0328      0.0000      0.0000      2.0328
     42.6264      0.0000      0.0000      2.6264
     53.1586      0.0000      0.0000      3.1586
           1           2
           2           3
           3           4
           4           5
           5           6
ZONE T="Time =       6.6000" F=FEPOINT N=    6 E=    5 ET=LINESEG C=CYAN
      0.0000      0.0000      0.0000      0.0000
     10.7244      0.0000      0.0000      0.7244
     21.4302      0.0000      0.0000      1.4302
     32.0936      0.0000      0.0000      2.0936
     42.6985      0.0000      0.0000      2.6985
     53.2346      0.0000      0.0000      3.2346
           1           2
           2           3
           3           4
           4           5
           5           6
ZONE T="Time =       6.8000" F=FEPOINT N=    6 E=    5 ET=LINESEG C=CYAN
      0.0000      0.0000      0.0000      0.0000
     10.7287      0.0000      0.0000      0.7287
     21.4388      0.0000      0.0000      1.4388
     32.1058      0.0000      0.0000      2.1058
     42.7133      0.0000      0.0000      2.7133
     53.2504      0.0000      0.0000      3.2504
           1           2
           2           3
           3           4
           4           5
           5           6
ZONE T="Time =       7.0000" F=FEPOINT N=    6 E=    5 ET=LINESEG C=CYAN
      0.0000      0.0000      0.0000      0.0000
     10.7156      0.0000      0.0000      0.7156
     21.4137      0.0000      0.0000      1.4137
     32.0714      0.0000      0.0000      2.0714
     42.6729      0.0000      0.0000      2.6729
     53.2079      0.0000      0.0000      3.2079
           1           2
           2           3
           3           4
           4           5
           5           6
ZONE T="Time =       7.2000" F=FEPOINT N=    6 E=    5 ET=LINESEG C=CYAN
      0.0000      0.0000      0.0000      0.0000
     10.6871      0.0000      0.0000      0.6871
     21.3589      0.0000      0.0000      1.3589
     31.9956      0.0000      0.0000      1.9956
     42.5835      0.0000      0.0000      2.5835
     53.1139      0.0000      0.0000      3.1139
           1           2
           2           3
           3           4
           4           5
           5           6
ZONE T="Time =       7.4000" F=FEPOINT N=    6 E=    5 ET=LINESEG C=CYAN
      0.0000      0.0000      0.0000      0.0000
     10.6460      0.0000      0.0000      0.6460
     21.2800      0.0000      0.0000      1.2800
     31.8865      0.0000      0.0000      1.8865
     42.4549      0.0000      0.0000      2.4549
     52.9785      0.0000      0.0000      2.9785
           1           2
           2           3
           3           4
           4           5
           5           6
ZONE T="Time =       7.6000" F=FEPOINT N=    6 E=    5 ET=LINESEG C=CYAN
      0.0000      0.0000      0.0000      0.0000
     10.5962      0.0000      0.0000      0.5962
     21.1844      0.0000      0.0000      1.1844
     31.7544      0.0000      0.0000      1.7544
     42.2992      0.0000      0.0000      2.2992
     52.8146      0.0000      0.0000      2.8146
           1           2
           2           3
           3           4
           4           5
           5           6
ZONE T="Time =       7.8000" F=FEPOINT N=    6 E=    5 ET=LINESEG C=CYAN
      0.0000      0.0000      0.0000      0.0000
     10.5419      0.0000      0.0000      0.5419
     21.0802      0.0000      0.0000      1.0802
     31.6104      0.0000      0.0000      1.6104
     42.1298      0.0000      0.0000      2.1298
     52.6364      0.0000      0.0000      2.6364
           1           2
           2           3
           3           4
           4           5
           5           6
ZONE T="Time =       8.0000" F=FEPOINT N=    6 E=    5 ET=LINESEG C=CYAN
      0.0000      0.0000      0.0000      0.0000
     10.4874      0.0000      0.0000      0.4874
     20.9757      0.0000      0.0000      0.9757
     31.4664      0.0000      0.0000      1.4664
     41.9603      0.0000      0.0000      1.9603
     52.4582      0.0000      0.0000      2.4582
           1           2
           2           3
           3           4
           4           5
           5           6
ZONE T="Time =       8.2000" F=FEPOINT N=    6 E=    5 ET=LINESEG C=CYAN
      0.0000      0.0000      0.0000      0.0000
     10.4370      0.0000      0.0000      0.4370
     20.8791      0.0000      0.0000      0.8791
     31.3332      0.0000      0.0000      1.3332
     41.8036      0.0000      0.0000      1.8036
     52.2935      0.0000      0.0000      2.2935
           1           2
           2           3
           3           4
           4           5
           5           6
ZONE T="Time =       8.4000" F=FEPOINT N=    6 E=    5 ET=LINESEG C=CYAN
      0.0000      0.0000      0.0000      0.0000
     10.3943      0.0000      0.0000      0.3943
     20.7973      0.0000      0.0000      0.7973
     31.2203      0.0000      0.0000      1.2203
     41.6709      0.0000      0.0000      1.6709
     52.1539      0.0000      0.0000      2.1539
           1           2
           2           3
           3           4
           4           5
           5           6
ZONE T="Time =       8.6000" F=FEPOINT N=    6 E=    5 ET=LINESEG C=CYAN
      0.0000      0.0000      0.0000      0.0000
     10.3621      0.0000      0.0000      0.3621
     20.7357      0.0000      0.0000      0.7357
     31.1353      0.0000      0.0000      1.1353
     41.5709      0.0000      0.0000      1.5709
     52.0487      0.0000      0.0000      2.0487
           1           2
           2           3
           3           4
           4           5
           5           6
ZONE T="Time =       8.8000" F=FEPOINT N=    6 E=    5 ET=LINESEG C=CYAN
      0.0000      0.0000      0.0000      0.0000
     10.3424      0.0000      0.0000      0.3424
     20.6977      0.0000      0.0000      0.6977
     31.0829      0.0000      0.0000      1.0829
     41.5091      0.0000      0.0000      1.5091
     51.9837      0.0000      0.0000      1.9837
           1           2
           2           3
           3           4
           4           5
           5           6
ZONE T="Time =       9.0000" F=FEPOINT N=    6 E=    5 ET=LINESEG C=CYAN
      0.0000      0.0000      0.0000      0.0000
     10.3357      0.0000      0.0000      0.3357
     20.6850      0.0000      0.0000      0.6850
     31.0652      0.0000      0.0000      1.0652
     41.4883      0.0000      0.0000      1.4883
     51.9618      0.0000      0.0000      1.9618
           1           2
           2           3
           3           4
           4           5
           5           6
ZONE T="Time =       9.2000" F=FEPOINT N=    6 E=    5 ET=LINESEG C=CYAN
      0.0000      0.0000      0.0000      0.0000
     10.3420      0.0000      0.0000      0.3420
     20.6969      0.0000      0.0000      0.6969
     31.0816      0.0000      0.0000      1.0816
     41.5075      0.0000      0.0000      1.5075
     51.9820      0.0000      0.0000      1.9820
           1           2
           2           3
           3           4
           4           5
           5           6
ZONE T="Time =       9.4000" F=FEPOINT N=    6 E=    5 ET=LINESEG C=CYAN
      0.0000      0.0000      0.0000      0.0000
     10.3598      0.0000      0.0000      0.3598
     20.7311      0.0000      0.0000      0.7311
     31.1288      0.0000      0.0000      1.1288
     41.5631      0.0000      0.0000      1.5631
     52.0405      0.0000      0.0000      2.0405
           1           2
           2           3
           3           4
           4           5
           5           6
ZONE T="Time =       9.6000" F=FEPOINT N=    6 E=    5 ET=LINESEG C=CYAN
      0.0000      0.0000      0.0000      0.0000
     10.3873      0.0000      0.0000      0.3873
     20.7838      0.0000      0.0000      0.7838
     31.2015      0.0000      0.0000      1.2015
     41.6487      0.0000      0.0000      1.6487
     52.1305      0.0000      0.0000      2.1305
           1           2
           2           3
           3           4
           4           5
           5           6
ZONE T="Time =       9.8000" F=FEPOINT N=    6 E=    5 ET=LINESEG C=CYAN
      0.0000      0.0000      0.0000      0.0000
     10.4217      0.0000      0.0000      0.4217
     20.8498      0.0000      0.0000      0.8498
     31.2927      0.0000      0.0000      1.2927
     41.7561      0.0000      0.0000      1.7561
     52.2434      0.0000      0.0000      2.2434
           1           2
           2           3
           3           4
           4           5
           5           6
ZONE T="Time =      10.0000" F=FEPOINT N=    6 E=    5 ET=LINESEG C=CYAN
      0.0000      0.0000      0.0000      0.0000
     10.4601      0.0000      0.0000      0.4601
     20.9235      0.0000      0.0000      0.9235
     31.3944      0.0000      0.0000      1.3944
     41.8758      0.0000      0.0000      1.8758
     52.3694      0.0000      0.0000      2.3694
           1           2
           2           3
           3           4
           4           5
           5           6
ZONE T="Time =      10.2100" F=FEPOINT N=    6 E=    5 ET=LINESEG C=CYAN
      0.0000      0.0000      0.0000      0.0000
     10.5013      0.0000      0.0000      0.5013
     21.0029      0.0000      0.0000      1.0029
     31.5089      0.0000      0.0000      1.5089
     42.0505      0.0000      0.0000      2.0505
     52.7775      0.0000      0.0000      2.7775
           1           2
           2           3
           3           4
           4           5
           5           6
ZONE T="Time =      10.4100" F=FEPOINT N=    6 E=    5 ET=LINESEG C=CYAN
      0.0000      0.0000      0.0000      0.0000
     10.5410      0.0000      0.0000      0.5410
     21.0891      0.0000      0.0000      1.0891
     31.6798      0.0000      0.0000      1.6798
     42.4124      0.0000      0.0000      2.4124
     53.3824      0.0000      0.0000      3.3824
           1           2
           2           3
           3           4
           4           5
           5           6
ZONE T="Time =      10.6100" F=FEPOINT N=    6 E=    5 ET=LINESEG C=CYAN
      0.0000      0.0000      0.0000      0.0000
     10.5979      0.0000      0.0000      0.5979
     21.2343      0.0000      0.0000      1.2343
     31.9868      0.0000      0.0000      1.9868
     42.9151      0.0000      0.0000      2.9151
     53.9377      0.0000      0.0000      3.9377
           1           2
           2           3
           3           4
           4           5
           5           6
ZONE T="Time =      10.8100" F=FEPOINT N=    6 E=    5 ET=LINESEG C=CYAN
      0.0000      0.0000      0.0000      0.0000
     10.7078      0.0000      0.0000      0.7078
     21.4875      0.0000      0.0000      1.4875
     32.4090      0.0000      0.0000      2.4090
     43.4319      0.0000      0.0000      3.4319
     54.4451      0.0000      0.0000      4.4451
           1           2
           2           3
           3           4
           4           5
           5           6
ZONE T="Time =      11.0100" F=FEPOINT N=    6 E=    5 ET=LINESEG C=CYAN
      0.0000      0.0000      0.0000      0.0000
     10.8869      0.0000      0.0000      0.8869
     21.8352      0.0000      0.0000      1.8352
     32.8672      0.0000      0.0000      2.8672
     43.9128      0.0000      0.0000      3.9128
     54.9251      0.0000      0.0000      4.9251
           1           2
           2           3
           3           4
           4           5
           5           6
ZONE T="Time =      11.2100" F=FEPOINT N=    6 E=    5 ET=LINESEG C=CYAN
      0.0000      0.0000      0.0000      0.0000
     11.1002      0.0000      0.0000      1.1002
     22.2069      0.0000      0.0000      2.2069
     33.3013      0.0000      0.0000      3.3013
     44.3554      0.0000      0.0000      4.3554
     55.3729      0.0000      0.0000      5.3729
           1           2
           2           3
           3           4
           4           5
           5           6
ZONE T="Time =      11.4100" F=FEPOINT N=    6 E=    5 ET=LINESEG C=CYAN
      0.0000      0.0000      0.0000      0.0000
     11.2876      0.0000      0.0000      1.2876
     22.5275      0.0000      0.0000      2.5275
     33.6793      0.0000      0.0000      3.6793
     44.7558      0.0000      0.0000      4.7558
     55.7796      0.0000      0.0000      5.7796
           1           2
           2           3
           3           4
           4           5
           5           6
ZONE T="Time =      11.6100" F=FEPOINT N=    6 E=    5 ET=LINESEG C=CYAN
      0.0000      0.0000      0.0000      0.0000
     11.4106      0.0000      0.0000      1.4106
     22.7536      0.0000      0.0000      2.7536
     33.9776      0.0000      0.0000      3.9776
     45.0963      0.0000      0.0000      5.0963
     56.1326      0.0000      0.0000      6.1326
           1           2
           2           3
           3           4
           4           5
           5           6
ZONE T="Time =      11.8100" F=FEPOINT N=    6 E=    5 ET=LINESEG C=CYAN
      0.0000      0.0000      0.0000      0.0000
     11.4680      0.0000      0.0000      1.4680
     22.8792      0.0000      0.0000      2.8792
     34.1773      0.0000      0.0000      4.1773
     45.3511      0.0000      0.0000      5.3511
     56.4071      0.0000      0.0000      6.4071
           1           2
           2           3
           3           4
           4           5
           5           6
ZONE T="Time =      12.0100" F=FEPOINT N=    6 E=    5 ET=LINESEG C=CYAN
      0.0000      0.0000      0.0000      0.0000
     11.4789      0.0000      0.0000      1.4789
     22.9203      0.0000      0.0000      2.9203
     34.2713      0.0000      0.0000      4.2713
     45.4947      0.0000      0.0000      5.4947
     56.5709      0.0000      0.0000      6.5709
           1           2
           2           3
           3           4
           4           5
           5           6
ZONE T="Time =      12.2100" F=FEPOINT N=    6 E=    5 ET=LINESEG C=CYAN
      0.0000      0.0000      0.0000      0.0000
     11.4613      0.0000      0.0000      1.4613
     22.8978      0.0000      0.0000      2.8978
     34.2643      0.0000      0.0000      4.2643
     45.5114      0.0000      0.0000      5.5114
     56.5988      0.0000      0.0000      6.5988
           1           2
           2           3
           3           4
           4           5
           5           6
ZONE T="Time =      12.4100" F=FEPOINT N=    6 E=    5 ET=LINESEG C=CYAN
      0.0000      0.0000      0.0000      0.0000
     11.4235      0.0000      0.0000      1.4235
     22.8256      0.0000      0.0000      2.8256
     34.1674      0.0000      0.0000      4.1674
     45.4021      0.0000      0.0000      5.4021
     56.4864      0.0000      0.0000      6.4864
           1           2
           2           3
           3           4
           4           5
           5           6
ZONE T="Time =      12.6100" F=FEPOINT N=    6 E=    5 ET=LINESEG C=CYAN
      0.0000      0.0000      0.0000      0.0000
     11.3659      0.0000      0.0000      1.3659
     22.7086      0.0000      0.0000      2.7086
     33.9930      0.0000      0.0000      3.9930
     45.1845      0.0000      0.0000      5.1845
     56.2525      0.0000      0.0000      6.2525
           1           2
           2           3
           3           4
           4           5
           5           6
ZONE T="Time =      12.8100" F=FEPOINT N=    6 E=    5 ET=LINESEG C=CYAN
      0.0000      0.0000      0.0000      0.0000
     11.2865      0.0000      0.0000      1.2865
     22.5484      0.0000      0.0000      2.5484
     33.7550      0.0000      0.0000      3.7550
     44.8870      0.0000      0.0000      4.8870
     55.9323      0.0000      0.0000      5.9323
           1           2
           2           3
           3           4
           4           5
           5           6
ZONE T="Time =      13.0100" F=FEPOINT N=    6 E=    5 ET=LINESEG C=CYAN
      0.0000      0.0000      0.0000      0.0000
     11.1861      0.0000      0.0000      1.1861
     22.3509      0.0000      0.0000      2.3509
     33.4716      0.0000      0.0000      3.4716
     44.5422      0.0000      0.0000      4.5422
     55.5649      0.0000      0.0000      5.5649
           1           2
           2           3
           3           4
           4           5
           5           6
ZONE T="Time =      13.2100" F=FEPOINT N=    6 E=    5 ET=LINESEG C=CYAN
      0.0000      0.0000      0.0000      0.0000
     11.0709      0.0000      0.0000      1.0709
     22.1295      0.0000      0.0000      2.1295
     33.1653      0.0000      0.0000      3.1653
     44.1810      0.0000      0.0000      4.1810
     55.1849      0.0000      0.0000      5.1849
           1           2
           2           3
           3           4
           4           5
           5           6
ZONE T="Time =      13.4100" F=FEPOINT N=    6 E=    5 ET=LINESEG C=CYAN
      0.0000      0.0000      0.0000      0.0000
     10.9520      0.0000      0.0000      0.9520
     21.9047      0.0000      0.0000      1.9047
     32.8618      0.0000      0.0000      2.8618
     43.8307      0.0000      0.0000      3.8307
     54.8193      0.0000      0.0000      4.8193
           1           2
           2           3
           3           4
           4           5
           5           6
ZONE T="Time =      13.6100" F=FEPOINT N=    6 E=    5 ET=LINESEG C=CYAN
      0.0000      0.0000      0.0000      0.0000
     10.8425      0.0000      0.0000      0.8425
     21.6987      0.0000      0.0000      1.6987
     32.5858      0.0000      0.0000      2.5858
     43.5143      0.0000      0.0000      3.5143
     54.4899      0.0000      0.0000      4.4899
           1           2
           2           3
           3           4
           4           5
           5           6
ZONE T="Time =      13.8100" F=FEPOINT N=    6 E=    5 ET=LINESEG C=CYAN
      0.0000      0.0000      0.0000      0.0000
     10.7534      0.0000      0.0000      0.7534
     21.5303      0.0000      0.0000      1.5303
     32.3583      0.0000      0.0000      2.3583
     43.2514      0.0000      0.0000      3.2514
     54.2153      0.0000      0.0000      4.2153
           1           2
           2           3
           3           4
           4           5
           5           6
ZONE T="Time =      14.0100" F=FEPOINT N=    6 E=    5 ET=LINESEG C=CYAN
      0.0000      0.0000      0.0000      0.0000
     10.6915      0.0000      0.0000      0.6915
     21.4115      0.0000      0.0000      1.4115
     32.1942      0.0000      0.0000      2.1942
     43.0581      0.0000      0.0000      3.0581
     54.0119      0.0000      0.0000      4.0119
           1           2
           2           3
           3           4
           4           5
           5           6
ZONE T="Time =      14.2100" F=FEPOINT N=    6 E=    5 ET=LINESEG C=CYAN
      0.0000      0.0000      0.0000      0.0000
     10.6589      0.0000      0.0000      0.6589
     21.3472      0.0000      0.0000      1.3472
     32.1019      0.0000      0.0000      2.1019
     42.9458      0.0000      0.0000      2.9458
     53.8923      0.0000      0.0000      3.8923
           1           2
           2           3
           3           4
           4           5
           5           6
ZONE T="Time =      14.4100" F=FEPOINT N=    6 E=    5 ET=LINESEG C=CYAN
      0.0000      0.0000      0.0000      0.0000
     10.6544      0.0000      0.0000      0.6544
     21.3367      0.0000      0.0000      1.3367
     32.0833      0.0000      0.0000      2.0833
     42.9198      0.0000      0.0000      2.9198
     53.8634      0.0000      0.0000      3.8634
           1           2
           2           3
           3           4
           4           5
           5           6
ZONE T="Time =      14.6100" F=FEPOINT N=    6 E=    5 ET=LINESEG C=CYAN
      0.0000      0.0000      0.0000      0.0000
     10.6753      0.0000      0.0000      0.6753
     21.3756      0.0000      0.0000      1.3756
     32.1348      0.0000      0.0000      2.1348
     42.9784      0.0000      0.0000      2.9784
     53.9241      0.0000      0.0000      3.9241
           1           2
           2           3
           3           4
           4           5
           5           6
ZONE T="Time =      14.8100" F=FEPOINT N=    6 E=    5 ET=LINESEG C=CYAN
      0.0000      0.0000      0.0000      0.0000
     10.7180      0.0000      0.0000      0.7180
     21.4576      0.0000      0.0000      1.4576
     32.2484      0.0000      0.0000      2.2484
     43.1125      0.0000      0.0000      3.1125
     54.0653      0.0000      0.0000      4.0653
           1           2
           2           3
           3           4
           4           5
           5           6
ZONE T="Time =      15.0100" F=FEPOINT N=    6 E=    5 ET=LINESEG C=CYAN
      0.0000      0.0000      0.0000      0.0000
     10.7786      0.0000      0.0000      0.7786
     21.5749      0.0000      0.0000      1.5749
     32.4121      0.0000      0.0000      2.4121
     43.3070      0.0000      0.0000      3.3070
     54.2707      0.0000      0.0000      4.2707
           1           2
           2           3
           3           4
           4           5
           5           6
ZONE T="Time =      15.2100" F=FEPOINT N=    6 E=    5 ET=LINESEG C=CYAN
      0.0000      0.0000      0.0000      0.0000
     10.8526      0.0000      0.0000      0.8526
     21.7176      0.0000      0.0000      1.7176
     32.6111      0.0000      0.0000      2.6111
     43.5431      0.0000      0.0000      3.5431
     54.5197      0.0000      0.0000      4.5197
           1           2
           2           3
           3           4
           4           5
           5           6
ZONE T="Time =      15.4100" F=FEPOINT N=    6 E=    5 ET=LINESEG C=CYAN
      0.0000      0.0000      0.0000      0.0000
     10.9341      0.0000      0.0000      0.9341
     21.8744      0.0000      0.0000      1.8744
     32.8284      0.0000      0.0000      2.8284
     43.7997      0.0000      0.0000      3.7997
     54.7900      0.0000      0.0000      4.7900
           1           2
           2           3
           3           4
           4           5
           5           6
ZONE T="Time =      15.6100" F=FEPOINT N=    6 E=    5 ET=LINESEG C=CYAN
      0.0000      0.0000      0.0000      0.0000
     11.0167      0.0000      0.0000      1.0167
     22.0327      0.0000      0.0000      2.0327
     33.0466      0.0000      0.0000      3.0466
     44.0562      0.0000      0.0000      4.0562
     55.0597      0.0000      0.0000      5.0597
           1           2
           2           3
           3           4
           4           5
           5           6
ZONE T="Time =      15.8100" F=FEPOINT N=    6 E=    5 ET=LINESEG C=CYAN
      0.0000      0.0000      0.0000      0.0000
     11.0937      0.0000      0.0000      1.0937
     22.1800      0.0000      0.0000      2.1800
     33.2489      0.0000      0.0000      3.2489
     44.2933      0.0000      0.0000      4.2933
     55.3087      0.0000      0.0000      5.3087
           1           2
           2           3
           3           4
           4           5
           5           6
ZONE T="Time =      16.0100" F=FEPOINT N=    6 E=    5 ET=LINESEG C=CYAN
      0.0000      0.0000      0.0000      0.0000
     11.1592      0.0000      0.0000      1.1592
     22.3051      0.0000      0.0000      2.3051
     33.4205      0.0000      0.0000      3.4205
     44.4945      0.0000      0.0000      4.4945
     55.5199      0.0000      0.0000      5.5199
           1           2
           2           3
           3           4
           4           5
           5           6
ZONE T="Time =      16.2100" F=FEPOINT N=    6 E=    5 ET=LINESEG C=CYAN
      0.0000      0.0000      0.0000      0.0000
     11.2084      0.0000      0.0000      1.2084
     22.3993      0.0000      0.0000      2.3993
     33.5502      0.0000      0.0000      3.5502
     44.6467      0.0000      0.0000      4.6467
     55.6798      0.0000      0.0000      5.6798
           1           2
           2           3
           3           4
           4           5
           5           6
ZONE T="Time =      16.4100" F=FEPOINT N=    6 E=    5 ET=LINESEG C=CYAN
      0.0000      0.0000      0.0000      0.0000
     11.2386      0.0000      0.0000      1.2386
     22.4572      0.0000      0.0000      2.4572
     33.6304      0.0000      0.0000      3.6304
     44.7413      0.0000      0.0000      4.7413
     55.7794      0.0000      0.0000      5.7794
           1           2
           2           3
           3           4
           4           5
           5           6
ZONE T="Time =      16.6100" F=FEPOINT N=    6 E=    5 ET=LINESEG C=CYAN
      0.0000      0.0000      0.0000      0.0000
     11.2487      0.0000      0.0000      1.2487
     22.4769      0.0000      0.0000      2.4769
     33.6579      0.0000      0.0000      3.6579
     44.7742      0.0000      0.0000      4.7742
     55.8142      0.0000      0.0000      5.8142
           1           2
           2           3
           3           4
           4           5
           5           6
ZONE T="Time =      16.8100" F=FEPOINT N=    6 E=    5 ET=LINESEG C=CYAN
      0.0000      0.0000      0.0000      0.0000
     11.2393      0.0000      0.0000      1.2393
     22.4591      0.0000      0.0000      2.4591
     33.6339      0.0000      0.0000      3.6339
     44.7463      0.0000      0.0000      4.7463
     55.7851      0.0000      0.0000      5.7851
           1           2
           2           3
           3           4
           4           5
           5           6
ZONE T="Time =      17.0100" F=FEPOINT N=    6 E=    5 ET=LINESEG C=CYAN
      0.0000      0.0000      0.0000      0.0000
     11.2125      0.0000      0.0000      1.2125
     22.4078      0.0000      0.0000      2.4078
     33.5632      0.0000      0.0000      3.5632
     44.6633      0.0000      0.0000      4.6633
     55.6978      0.0000      0.0000      5.6978
           1           2
           2           3
           3           4
           4           5
           5           6
ZONE T="Time =      17.2100" F=FEPOINT N=    6 E=    5 ET=LINESEG C=CYAN
      0.0000      0.0000      0.0000      0.0000
     11.1713      0.0000      0.0000      1.1713
     22.3286      0.0000      0.0000      2.3286
     33.4538      0.0000      0.0000      3.4538
     44.5344      0.0000      0.0000      4.5344
     55.5622      0.0000      0.0000      5.5622
           1           2
           2           3
           3           4
           4           5
           5           6
ZONE T="Time =      17.4100" F=FEPOINT N=    6 E=    5 ET=LINESEG C=CYAN
      0.0000      0.0000      0.0000      0.0000
     11.1195      0.0000      0.0000      1.1195
     22.2292      0.0000      0.0000      2.2292
     33.3163      0.0000      0.0000      3.3163
     44.3723      0.0000      0.0000      4.3723
     55.3916      0.0000      0.0000      5.3916
           1           2
           2           3
           3           4
           4           5
           5           6
ZONE T="Time =      17.6100" F=FEPOINT N=    6 E=    5 ET=LINESEG C=CYAN
      0.0000      0.0000      0.0000      0.0000
     11.0615      0.0000      0.0000      1.0615
     22.1180      0.0000      0.0000      2.1180
     33.1626      0.0000      0.0000      3.1626
     44.1913      0.0000      0.0000      4.1913
     55.2011      0.0000      0.0000      5.2011
           1           2
           2           3
           3           4
           4           5
           5           6
ZONE T="Time =      17.8100" F=FEPOINT N=    6 E=    5 ET=LINESEG C=CYAN
      0.0000      0.0000      0.0000      0.0000
     11.0022      0.0000      0.0000      1.0022
     22.0041      0.0000      0.0000      2.0041
     33.0055      0.0000      0.0000      3.0055
     44.0062      0.0000      0.0000      4.0062
     55.0065      0.0000      0.0000      5.0065
           1           2
           2           3
           3           4
           4           5
           5           6
ZONE T="Time =      18.0100" F=FEPOINT N=    6 E=    5 ET=LINESEG C=CYAN
      0.0000      0.0000      0.0000      0.0000
     10.9460      0.0000      0.0000      0.9460
     21.8964      0.0000      0.0000      1.8964
     32.8569      0.0000      0.0000      2.8569
     43.8314      0.0000      0.0000      3.8314
     54.8226      0.0000      0.0000      4.8226
           1           2
           2           3
           3           4
           4           5
           5           6
ZONE T="Time =      18.2100" F=FEPOINT N=    6 E=    5 ET=LINESEG C=CYAN
      0.0000      0.0000      0.0000      0.0000
     10.8971      0.0000      0.0000      0.8971
     21.8027      0.0000      0.0000      1.8027
     32.7277      0.0000      0.0000      2.7277
     43.6795      0.0000      0.0000      3.6795
     54.6629      0.0000      0.0000      4.6629
           1           2
           2           3
           3           4
           4           5
           5           6
ZONE T="Time =      18.4100" F=FEPOINT N=    6 E=    5 ET=LINESEG C=CYAN
      0.0000      0.0000      0.0000      0.0000
     10.8589      0.0000      0.0000      0.8589
     21.7295      0.0000      0.0000      1.7295
     32.6267      0.0000      0.0000      2.6267
     43.5608      0.0000      0.0000      3.5608
     54.5381      0.0000      0.0000      4.5381
           1           2
           2           3
           3           4
           4           5
           5           6
ZONE T="Time =      18.6100" F=FEPOINT N=    6 E=    5 ET=LINESEG C=CYAN
      0.0000      0.0000      0.0000      0.0000
     10.8337      0.0000      0.0000      0.8337
     21.6811      0.0000      0.0000      1.6811
     32.5599      0.0000      0.0000      2.5599
     43.4822      0.0000      0.0000      3.4822
     54.4554      0.0000      0.0000      4.4554
           1           2
           2           3
           3           4
           4           5
           5           6
ZONE T="Time =      18.8100" F=FEPOINT N=    6 E=    5 ET=LINESEG C=CYAN
      0.0000      0.0000      0.0000      0.0000
     10.8226      0.0000      0.0000      0.8226
     21.6597      0.0000      0.0000      1.6597
     32.5305      0.0000      0.0000      2.5305
     43.4475      0.0000      0.0000      3.4475
     54.4189      0.0000      0.0000      4.4189
           1           2
           2           3
           3           4
           4           5
           5           6
ZONE T="Time =      19.0100" F=FEPOINT N=    6 E=    5 ET=LINESEG C=CYAN
      0.0000      0.0000      0.0000      0.0000
     10.8256      0.0000      0.0000      0.8256
     21.6655      0.0000      0.0000      1.6655
     32.5384      0.0000      0.0000      2.5384
     43.4567      0.0000      0.0000      3.4567
     54.4286      0.0000      0.0000      4.4286
           1           2
           2           3
           3           4
           4           5
           5           6
ZONE T="Time =      19.2100" F=FEPOINT N=    6 E=    5 ET=LINESEG C=CYAN
      0.0000      0.0000      0.0000      0.0000
     10.8417      0.0000      0.0000      0.8417
     21.6964      0.0000      0.0000      1.6964
     32.5810      0.0000      0.0000      2.5810
     43.5068      0.0000      0.0000      3.5068
     54.4812      0.0000      0.0000      4.4812
           1           2
           2           3
           3           4
           4           5
           5           6
ZONE T="Time =      19.4100" F=FEPOINT N=    6 E=    5 ET=LINESEG C=CYAN
      0.0000      0.0000      0.0000      0.0000
     10.8689      0.0000      0.0000      0.8689
     21.7485      0.0000      0.0000      1.7485
     32.6529      0.0000      0.0000      2.6529
     43.5914      0.0000      0.0000      3.5914
     54.5703      0.0000      0.0000      4.5703
           1           2
           2           3
           3           4
           4           5
           5           6
ZONE T="Time =      19.6100" F=FEPOINT N=    6 E=    5 ET=LINESEG C=CYAN
      0.0000      0.0000      0.0000      0.0000
     10.9045      0.0000      0.0000      0.9045
     21.8167      0.0000      0.0000      1.8167
     32.7470      0.0000      0.0000      2.7470
     43.7023      0.0000      0.0000      3.7023
     54.6868      0.0000      0.0000      4.6868
           1           2
           2           3
           3           4
           4           5
           5           6
ZONE T="Time =      19.8100" F=FEPOINT N=    6 E=    5 ET=LINESEG C=CYAN
      0.0000      0.0000      0.0000      0.0000
     10.9452      0.0000      0.0000      0.9452
     21.8949      0.0000      0.0000      1.8949
     32.8550      0.0000      0.0000      2.8550
     43.8294      0.0000      0.0000      3.8294
     54.8205      0.0000      0.0000      4.8205
           1           2
           2           3
           3           4
           4           5
           5           6
ZONE T="Time =      20.2000" F=FEPOINT N=    6 E=    5 ET=LINESEG C=CYAN
      0.0000      0.0000      0.0000      0.0000
     11.0268      0.0000      0.0000      1.0268
     22.0506      0.0000      0.0000      2.0506
     33.0603      0.0000      0.0000      3.0603
     43.9910      0.0000      0.0000      3.9910
     54.5417      0.0000      0.0000      4.5417
           1           2
           2           3
           3           4
           4           5
           5           6
ZONE T="Time =      20.4000" F=FEPOINT N=    6 E=    5 ET=LINESEG C=CYAN
      0.0000      0.0000      0.0000      0.0000
     11.0579      0.0000      0.0000      1.0579
     22.0902      0.0000      0.0000      2.0902
     33.0108      0.0000      0.0000      3.0108
     43.6113      0.0000      0.0000      3.6113
     53.6938      0.0000      0.0000      3.6938
           1           2
           2           3
           3           4
           4           5
           5           6
ZONE T="Time =      20.6000" F=FEPOINT N=    6 E=    5 ET=LINESEG C=CYAN
      0.0000      0.0000      0.0000      0.0000
     11.0378      0.0000      0.0000      1.0378
     21.9792      0.0000      0.0000      1.9792
     32.6442      0.0000      0.0000      2.6442
     42.8969      0.0000      0.0000      2.8969
     52.8895      0.0000      0.0000      2.8895
           1           2
           2           3
           3           4
           4           5
           5           6
ZONE T="Time =      20.8000" F=FEPOINT N=    6 E=    5 ET=LINESEG C=CYAN
      0.0000      0.0000      0.0000      0.0000
     10.8882      0.0000      0.0000      0.8882
     21.6076      0.0000      0.0000      1.6076
     31.9861      0.0000      0.0000      1.9861
     42.0824      0.0000      0.0000      2.0824
     52.1050      0.0000      0.0000      2.1050
           1           2
           2           3
           3           4
           4           5
           5           6
ZONE T="Time =      21.0000" F=FEPOINT N=    6 E=    5 ET=LINESEG C=CYAN
      0.0000      0.0000      0.0000      0.0000
     10.5732      0.0000      0.0000      0.5732
     20.9951      0.0000      0.0000      0.9951
     31.1840      0.0000      0.0000      1.1840
     41.2553      0.0000      0.0000      1.2553
     51.2865      0.0000      0.0000      1.2865
           1           2
           2           3
           3           4
           4           5
           5           6
ZONE T="Time =      21.2000" F=FEPOINT N=    6 E=    5 ET=LINESEG C=CYAN
      0.0000      0.0000      0.0000      0.0000
     10.1609      0.0000      0.0000      0.1609
     20.2791      0.0000      0.0000      0.2791
     30.3537      0.0000      0.0000      0.3537
     40.4146      0.0000      0.0000      0.4146
     50.4380      0.0000      0.0000      0.4380
           1           2
           2           3
           3           4
           4           5
           5           6
ZONE T="Time =      21.4000" F=FEPOINT N=    6 E=    5 ET=LINESEG C=CYAN
      0.0000      0.0000      0.0000      0.0000
      9.7721      0.0000      0.0000      0.2279
     19.6112      0.0000      0.0000      0.3888
     29.5608      0.0000      0.0000      0.4392
     39.5703      0.0000      0.0000      0.4297
     49.5788      0.0000      0.0000      0.4212
           1           2
           2           3
           3           4
           4           5
           5           6
ZONE T="Time =      21.6000" F=FEPOINT N=    6 E=    5 ET=LINESEG C=CYAN
      0.0000      0.0000      0.0000      0.0000
      9.4865      0.0000      0.0000      0.5135
     19.0830      0.0000      0.0000      0.9170
     28.8595      0.0000      0.0000      1.1405
     38.7662      0.0000      0.0000      1.2338
     48.7432      0.0000      0.0000      1.2568
           1           2
           2           3
           3           4
           4           5
           5           6
ZONE T="Time =      21.8000" F=FEPOINT N=    6 E=    5 ET=LINESEG C=CYAN
      0.0000      0.0000      0.0000      0.0000
      9.3110      0.0000      0.0000      0.6890
     18.7156      0.0000      0.0000      1.2844
     28.2995      0.0000      0.0000      1.7005
     38.0676      0.0000      0.0000      1.9324
     47.9955      0.0000      0.0000      2.0045
           1           2
           2           3
           3           4
           4           5
           5           6
ZONE T="Time =      22.0000" F=FEPOINT N=    6 E=    5 ET=LINESEG C=CYAN
      0.0000      0.0000      0.0000      0.0000
      9.2133      0.0000      0.0000      0.7867
     18.4878      0.0000      0.0000      1.5122
     27.9105      0.0000      0.0000      2.0895
     37.5439      0.0000      0.0000      2.4561
     47.4191      0.0000      0.0000      2.5809
           1           2
           2           3
           3           4
           4           5
           5           6
ZONE T="Time =      22.2000" F=FEPOINT N=    6 E=    5 ET=LINESEG C=CYAN
      0.0000      0.0000      0.0000      0.0000
      9.1640      0.0000      0.0000      0.8360
     18.3705      0.0000      0.0000      1.6295
     27.7006      0.0000      0.0000      2.2994
     37.2470      0.0000      0.0000      2.7530
     47.0860      0.0000      0.0000      2.9140
           1           2
           2           3
           3           4
           4           5
           5           6
ZONE T="Time =      22.4000" F=FEPOINT N=    6 E=    5 ET=LINESEG C=CYAN
      0.0000      0.0000      0.0000      0.0000
      9.1534      0.0000      0.0000      0.8466
     18.3494      0.0000      0.0000      1.6506
     27.6660      0.0000      0.0000      2.3340
     37.1967      0.0000      0.0000      2.8033
     47.0282      0.0000      0.0000      2.9718
           1           2
           2           3
           3           4
           4           5
           5           6
ZONE T="Time =      22.6000" F=FEPOINT N=    6 E=    5 ET=LINESEG C=CYAN
      0.0000      0.0000      0.0000      0.0000
      9.1873      0.0000      0.0000      0.8127
     18.4274      0.0000      0.0000      1.5726
     27.7996      0.0000      0.0000      2.2004
     37.3786      0.0000      0.0000      2.6214
     47.2295      0.0000      0.0000      2.7705
           1           2
           2           3
           3           4
           4           5
           5           6
ZONE T="Time =      22.8000" F=FEPOINT N=    6 E=    5 ET=LINESEG C=CYAN
      0.0000      0.0000      0.0000      0.0000
      9.2755      0.0000      0.0000      0.7245
     18.6125      0.0000      0.0000      1.3875
     28.0889      0.0000      0.0000      1.9111
     37.7541      0.0000      0.0000      2.2459
     47.6389      0.0000      0.0000      2.3611
           1           2
           2           3
           3           4
           4           5
           5           6
ZONE T="Time =      23.0000" F=FEPOINT N=    6 E=    5 ET=LINESEG C=CYAN
      0.0000      0.0000      0.0000      0.0000
      9.4214      0.0000      0.0000      0.5786
     18.9024      0.0000      0.0000      1.0976
     28.5105      0.0000      0.0000      1.4895
     38.2727      0.0000      0.0000      1.7273
     48.1938      0.0000      0.0000      1.8062
           1           2
           2           3
           3           4
           4           5
           5           6
ZONE T="Time =      23.2000" F=FEPOINT N=    6 E=    5 ET=LINESEG C=CYAN
      0.0000      0.0000      0.0000      0.0000
      9.6158      0.0000      0.0000      0.3842
     19.2760      0.0000      0.0000      0.7240
     29.0276      0.0000      0.0000      0.9724
     38.8826      0.0000      0.0000      1.1174
     48.8359      0.0000      0.0000      1.1641
           1           2
           2           3
           3           4
           4           5
           5           6
ZONE T="Time =      23.4000" F=FEPOINT N=    6 E=    5 ET=LINESEG C=CYAN
      0.0000      0.0000      0.0000      0.0000
      9.8380      0.0000      0.0000      0.1620
     19.6958      0.0000      0.0000      0.3042
     29.5935      0.0000      0.0000      0.4065
     39.5348      0.0000      0.0000      0.4652
     49.5161      0.0000      0.0000      0.4839
           1           2
           2           3
           3           4
           4           5
           5           6
ZONE T="Time =      23.6000" F=FEPOINT N=    6 E=    5 ET=LINESEG C=CYAN
      0.0000      0.0000      0.0000      0.0000
     10.0620      0.0000      0.0000      0.0620
     20.1173      0.0000      0.0000      0.1173
     30.1586      0.0000      0.0000      0.1586
     40.1831      0.0000      0.0000      0.1831
     50.1911      0.0000      0.0000      0.1911
           1           2
           2           3
           3           4
           4           5
           5           6
ZONE T="Time =      23.8000" F=FEPOINT N=    6 E=    5 ET=LINESEG C=CYAN
      0.0000      0.0000      0.0000      0.0000
     10.2640      0.0000      0.0000      0.2640
     20.5000      0.0000      0.0000      0.5000
     30.6769      0.0000      0.0000      0.6769
     40.7834      0.0000      0.0000      0.7834
     50.8186      0.0000      0.0000      0.8186
           1           2
           2           3
           3           4
           4           5
           5           6
ZONE T="Time =      24.0000" F=FEPOINT N=    6 E=    5 ET=LINESEG C=CYAN
      0.0000      0.0000      0.0000      0.0000
     10.4278      0.0000      0.0000      0.4278
     20.8142      0.0000      0.0000      0.8142
     31.1108      0.0000      0.0000      1.1108
     41.2945      0.0000      0.0000      1.2945
     51.3564      0.0000      0.0000      1.3564
           1           2
           2           3
           3           4
           4           5
           5           6
ZONE T="Time =      24.2000" F=FEPOINT N=    6 E=    5 ET=LINESEG C=CYAN
      0.0000      0.0000      0.0000      0.0000
     10.5450      0.0000      0.0000      0.5450
     21.0425      0.0000      0.0000      1.0425
     31.4332      0.0000      0.0000      1.4332
     41.6812      0.0000      0.0000      1.6812
     51.7661      0.0000      0.0000      1.7661
           1           2
           2           3
           3           4
           4           5
           5           6
ZONE T="Time =      24.4000" F=FEPOINT N=    6 E=    5 ET=LINESEG C=CYAN
      0.0000      0.0000      0.0000      0.0000
     10.6134      0.0000      0.0000      0.6134
     21.1777      0.0000      0.0000      1.1777
     31.6278      0.0000      0.0000      1.6278
     41.9183      0.0000      0.0000      1.9183
     52.0187      0.0000      0.0000      2.0187
           1           2
           2           3
           3           4
           4           5
           5           6
ZONE T="Time =      24.6000" F=FEPOINT N=    6 E=    5 ET=LINESEG C=CYAN
      0.0000      0.0000      0.0000      0.0000
     10.6337      0.0000      0.0000      0.6337
     21.2186      0.0000      0.0000      1.2186
     31.6886      0.0000      0.0000      1.6886
     41.9940      0.0000      0.0000      1.9940
     52.1001      0.0000      0.0000      2.1001
           1           2
           2           3
           3           4
           4           5
           5           6
ZONE T="Time =      24.8000" F=FEPOINT N=    6 E=    5 ET=LINESEG C=CYAN
      0.0000      0.0000      0.0000      0.0000
     10.6079      0.0000      0.0000      0.6079
     21.1687      0.0000      0.0000      1.1687
     31.6190      0.0000      0.0000      1.6190
     41.9114      0.0000      0.0000      1.9114
     52.0129      0.0000      0.0000      2.0129
           1           2
           2           3
           3           4
           4           5
           5           6
ZONE T="Time =      25.0000" F=FEPOINT N=    6 E=    5 ET=LINESEG C=CYAN
      0.0000      0.0000      0.0000      0.0000
     10.5393      0.0000      0.0000      0.5393
     21.0355      0.0000      0.0000      1.0355
     31.4313      0.0000      0.0000      1.4313
     41.6868      0.0000      0.0000      1.6868
     51.7751      0.0000      0.0000      1.7751
           1           2
           2           3
           3           4
           4           5
           5           6
ZONE T="Time =      25.2000" F=FEPOINT N=    6 E=    5 ET=LINESEG C=CYAN
      0.0000      0.0000      0.0000      0.0000
     10.4339      0.0000      0.0000      0.4339
     20.8313      0.0000      0.0000      0.8313
     31.1457      0.0000      0.0000      1.1457
     41.3468      0.0000      0.0000      1.3468
     51.4159      0.0000      0.0000      1.4159
           1           2
           2           3
           3           4
           4           5
           5           6
ZONE T="Time =      25.4000" F=FEPOINT N=    6 E=    5 ET=LINESEG C=CYAN
      0.0000      0.0000      0.0000      0.0000
     10.3002      0.0000      0.0000      0.3002
     20.5741      0.0000      0.0000      0.5741
     30.7889      0.0000      0.0000      0.7889
     40.9250      0.0000      0.0000      0.9250
     50.9716      0.0000      0.0000      0.9716
           1           2
           2           3
           3           4
           4           5
           5           6
ZONE T="Time =      25.6000" F=FEPOINT N=    6 E=    5 ET=LINESEG C=CYAN
      0.0000      0.0000      0.0000      0.0000
     10.1499      0.0000      0.0000      0.1499
     20.2860      0.0000      0.0000      0.2860
     30.3920      0.0000      0.0000      0.3920
     40.4585      0.0000      0.0000      0.4585
     50.4811      0.0000      0.0000      0.4811
           1           2
           2           3
           3           4
           4           5
           5           6
ZONE T="Time =      25.8000" F=FEPOINT N=    6 E=    5 ET=LINESEG C=CYAN
      0.0000      0.0000      0.0000      0.0000
      9.9959      0.0000      0.0000      0.0041
     19.9917      0.0000      0.0000      0.0083
     29.9877      0.0000      0.0000      0.0123
     39.9847      0.0000      0.0000      0.0153
     49.9835      0.0000      0.0000      0.0165
           1           2
           2           3
           3           4
           4           5
           5           6
ZONE T="Time =      26.0000" F=FEPOINT N=    6 E=    5 ET=LINESEG C=CYAN
      0.0000      0.0000      0.0000      0.0000
      9.8512      0.0000      0.0000      0.1488
     19.7151      0.0000      0.0000      0.2849
     29.6077      0.0000      0.0000      0.3923
     39.5393      0.0000      0.0000      0.4607
     49.5158      0.0000      0.0000      0.4842
           1           2
           2           3
           3           4
           4           5
           5           6
ZONE T="Time =      26.2000" F=FEPOINT N=    6 E=    5 ET=LINESEG C=CYAN
      0.0000      0.0000      0.0000      0.0000
      9.7268      0.0000      0.0000      0.2732
     19.4769      0.0000      0.0000      0.5231
     29.2798      0.0000      0.0000      0.7202
     39.1541      0.0000      0.0000      0.8459
     49.1110      0.0000      0.0000      0.8890
           1           2
           2           3
           3           4
           4           5
           5           6
ZONE T="Time =      26.4000" F=FEPOINT N=    6 E=    5 ET=LINESEG C=CYAN
      0.0000      0.0000      0.0000      0.0000
      9.6312      0.0000      0.0000      0.3688
     19.2932      0.0000      0.0000      0.7068
     29.0259      0.0000      0.0000      0.9741
     38.8549      0.0000      0.0000      1.1451
     48.7961      0.0000      0.0000      1.2039
           1           2
           2           3
           3           4
           4           5
           5           6
ZONE T="Time =      26.6000" F=FEPOINT N=    6 E=    5 ET=LINESEG C=CYAN
      0.0000      0.0000      0.0000      0.0000
      9.5694      0.0000      0.0000      0.4306
     19.1743      0.0000      0.0000      0.8257
     28.8608      0.0000      0.0000      1.1392
     38.6596      0.0000      0.0000      1.3404
     48.5903      0.0000      0.0000      1.4097
           1           2
           2           3
           3           4
           4           5
           5           6
ZONE T="Time =      26.8000" F=FEPOINT N=    6 E=    5 ET=LINESEG C=CYAN
      0.0000      0.0000      0.0000      0.0000
      9.5439      0.0000      0.0000      0.4561
     19.1250      0.0000      0.0000      0.8750
     28.7918      0.0000      0.0000      1.2082
     38.5775      0.0000      0.0000      1.4225
     48.5036      0.0000      0.0000      1.4964
           1           2
           2           3
           3           4
           4           5
           5           6
ZONE T="Time =      27.0000" F=FEPOINT N=    6 E=    5 ET=LINESEG C=CYAN
      0.0000      0.0000      0.0000      0.0000
      9.5541      0.0000      0.0000      0.4459
     19.1445      0.0000      0.0000      0.8555
     28.8185      0.0000      0.0000      1.1815
     38.6086      0.0000      0.0000      1.3914
     48.5362      0.0000      0.0000      1.4638
           1           2
           2           3
           3           4
           4           5
           5           6
ZONE T="Time =      27.2000" F=FEPOINT N=    6 E=    5 ET=LINESEG C=CYAN
      0.0000      0.0000      0.0000      0.0000
      9.5973      0.0000      0.0000      0.4027
     19.2274      0.0000      0.0000      0.7726
     28.9332      0.0000      0.0000      1.0668
     38.7439      0.0000      0.0000      1.2561
     48.6786      0.0000      0.0000      1.3214
           1           2
           2           3
           3           4
           4           5
           5           6
ZONE T="Time =      27.4000" F=FEPOINT N=    6 E=    5 ET=LINESEG C=CYAN
      0.0000      0.0000      0.0000      0.0000
      9.6685      0.0000      0.0000      0.3315
     19.3641      0.0000      0.0000      0.6359
     29.1223      0.0000      0.0000      0.8777
     38.9670      0.0000      0.0000      1.0330
     48.9134      0.0000      0.0000      1.0866
           1           2
           2           3
           3           4
           4           5
           5           6
ZONE T="Time =      27.6000" F=FEPOINT N=    6 E=    5 ET=LINESEG C=CYAN
      0.0000      0.0000      0.0000      0.0000
      9.7608      0.0000      0.0000      0.2392
     19.5413      0.0000      0.0000      0.4587
     29.3673      0.0000      0.0000      0.6327
     39.2557      0.0000      0.0000      0.7443
     49.2173      0.0000      0.0000      0.7827
           1           2
           2           3
           3           4
           4           5
           5           6
ZONE T="Time =      27.8000" F=FEPOINT N=    6 E=    5 ET=LINESEG C=CYAN
      0.0000      0.0000      0.0000      0.0000
      9.8661      0.0000      0.0000      0.1339
     19.7434      0.0000      0.0000      0.2566
     29.6463      0.0000      0.0000      0.3537
     39.5842      0.0000      0.0000      0.4158
     49.5628      0.0000      0.0000      0.4372
           1           2
           2           3
           3           4
           4           5
           5           6
ZONE T="Time =      28.0000" F=FEPOINT N=    6 E=    5 ET=LINESEG C=CYAN
      0.0000      0.0000      0.0000      0.0000
      9.9757      0.0000      0.0000      0.0243
     19.9536      0.0000      0.0000      0.0464
     29.9362      0.0000      0.0000      0.0638
     39.9252      0.0000      0.0000      0.0748
     49.9214      0.0000      0.0000      0.0786
           1           2
           2           3
           3           4
           4           5
           5           6
ZONE T="Time =      28.2000" F=FEPOINT N=    6 E=    5 ET=LINESEG C=CYAN
      0.0000      0.0000      0.0000      0.0000
     10.0809      0.0000      0.0000      0.0809
     20.1552      0.0000      0.0000      0.1552
     30.2142      0.0000      0.0000      0.2142
     40.2522      0.0000      0.0000      0.2522
     50.2652      0.0000      0.0000      0.2652
           1           2
           2           3
           3           4
           4           5
           5           6
ZONE T="Time =      28.4000" F=FEPOINT N=    6 E=    5 ET=LINESEG C=CYAN
      0.0000      0.0000      0.0000      0.0000
     10.1739      0.0000      0.0000      0.1739
     20.3334      0.0000      0.0000      0.3334
     30.4600      0.0000      0.0000      0.4600
     40.5412      0.0000      0.0000      0.5412
     50.5691      0.0000      0.0000      0.5691
           1           2
           2           3
           3           4
           4           5
           5           6
ZONE T="Time =      28.6000" F=FEPOINT N=    6 E=    5 ET=LINESEG C=CYAN
      0.0000      0.0000      0.0000      0.0000
     10.2481      0.0000      0.0000      0.2481
     20.4758      0.0000      0.0000      0.4758
     30.6565      0.0000      0.0000      0.6565
     40.7724      0.0000      0.0000      0.7724
     50.8124      0.0000      0.0000      0.8124
           1           2
           2           3
           3           4
           4           5
           5           6
ZONE T="Time =      28.8000" F=FEPOINT N=    6 E=    5 ET=LINESEG C=CYAN
      0.0000      0.0000      0.0000      0.0000
     10.2992      0.0000      0.0000      0.2992
     20.5738      0.0000      0.0000      0.5738
     30.7918      0.0000      0.0000      0.7918
     40.9317      0.0000      0.0000      0.9317
     50.9799      0.0000      0.0000      0.9799
           1           2
           2           3
           3           4
           4           5
           5           6
ZONE T="Time =      29.0000" F=FEPOINT N=    6 E=    5 ET=LINESEG C=CYAN
      0.0000      0.0000      0.0000      0.0000
     10.3245      0.0000      0.0000      0.3245
     20.6224      0.0000      0.0000      0.6224
     30.8590      0.0000      0.0000      0.8590
     41.0110      0.0000      0.0000      1.0110
     51.0634      0.0000      0.0000      1.0634
           1           2
           2           3
           3           4
           4           5
           5           6
ZONE T="Time =      29.2000" F=FEPOINT N=    6 E=    5 ET=LINESEG C=CYAN
      0.0000      0.0000      0.0000      0.0000
     10.3238      0.0000      0.0000      0.3238
     20.6210      0.0000      0.0000      0.6210
     30.8571      0.0000      0.0000      0.8571
     41.0089      0.0000      0.0000      1.0089
     51.0612      0.0000      0.0000      1.0612
           1           2
           2           3
           3           4
           4           5
           5           6
ZONE T="Time =      29.4000" F=FEPOINT N=    6 E=    5 ET=LINESEG C=CYAN
      0.0000      0.0000      0.0000      0.0000
     10.2985      0.0000      0.0000      0.2985
     20.5725      0.0000      0.0000      0.5725
     30.7902      0.0000      0.0000      0.7902
     40.9301      0.0000      0.0000      0.9301
     50.9784      0.0000      0.0000      0.9784
           1           2
           2           3
           3           4
           4           5
           5           6
ZONE T="Time =      29.6000" F=FEPOINT N=    6 E=    5 ET=LINESEG C=CYAN
      0.0000      0.0000      0.0000      0.0000
     10.2520      0.0000      0.0000      0.2520
     20.4834      0.0000      0.0000      0.4834
     30.6672      0.0000      0.0000      0.6672
     40.7852      0.0000      0.0000      0.7852
     50.8259      0.0000      0.0000      0.8259
           1           2
           2           3
           3           4
           4           5
           5           6
ZONE T="Time =      29.8000" F=FEPOINT N=    6 E=    5 ET=LINESEG C=CYAN
      0.0000      0.0000      0.0000      0.0000
     10.1891      0.0000      0.0000      0.1891
     20.3626      0.0000      0.0000      0.3626
     30.5005      0.0000      0.0000      0.5005
     40.5890      0.0000      0.0000      0.5890
     50.6195      0.0000      0.0000      0.6195
           1           2
           2           3
           3           4
           4           5
           5           6
ZONE T="Time =      30.0000" F=FEPOINT N=    6 E=    5 ET=LINESEG C=CYAN
      0.0000      0.0000      0.0000      0.0000
     10.1154      0.0000      0.0000      0.1154
     20.2213      0.0000      0.0000      0.2213
     30.3053      0.0000      0.0000      0.3053
     40.3593      0.0000      0.0000      0.3593
     50.3779      0.0000      0.0000      0.3779
           1           2
           2           3
           3           4
           4           5
           5           6
ZONE T="Time =      30.2000" F=FEPOINT N=    6 E=    5 ET=LINESEG C=CYAN
      0.0000      0.0000      0.0000      0.0000
     10.0371      0.0000      0.0000      0.0371
     20.0712      0.0000      0.0000      0.0712
     30.0982      0.0000      0.0000      0.0982
     40.1156      0.0000      0.0000      0.1156
     50.1215      0.0000      0.0000      0.1215
           1           2
           2           3
           3           4
           4           5
           5           6
ZONE T="Time =      30.4000" F=FEPOINT N=    6 E=    5 ET=LINESEG C=CYAN
      0.0000      0.0000      0.0000      0.0000
      9.9606      0.0000      0.0000      0.0394
     19.9244      0.0000      0.0000      0.0756
     29.8956      0.0000      0.0000      0.1044
     39.8771      0.0000      0.0000      0.1229
     49.8708      0.0000      0.0000      0.1292
           1           2
           2           3
           3           4
           4           5
           5           6
ZONE T="Time =      30.6000" F=FEPOINT N=    6 E=    5 ET=LINESEG C=CYAN
      0.0000      0.0000      0.0000      0.0000
      9.8914      0.0000      0.0000      0.1086
     19.7918      0.0000      0.0000      0.2082
     29.7126      0.0000      0.0000      0.2874
     39.6618      0.0000      0.0000      0.3382
     49.6443      0.0000      0.0000      0.3557
           1           2
           2           3
           3           4
           4           5
           5           6
ZONE T="Time =      30.8000" F=FEPOINT N=    6 E=    5 ET=LINESEG C=CYAN
      0.0000      0.0000      0.0000      0.0000
      9.8345      0.0000      0.0000      0.1655
     19.6826      0.0000      0.0000      0.3174
     29.5620      0.0000      0.0000      0.4380
     39.4845      0.0000      0.0000      0.5155
     49.4579      0.0000      0.0000      0.5421
           1           2
           2           3
           3           4
           4           5
           5           6
ZONE T="Time =      31.0000" F=FEPOINT N=    6 E=    5 ET=LINESEG C=CYAN
      0.0000      0.0000      0.0000      0.0000
      9.7935      0.0000      0.0000      0.2065
     19.6039      0.0000      0.0000      0.3961
     29.4534      0.0000      0.0000      0.5466
     39.3567      0.0000      0.0000      0.6433
     49.3234      0.0000      0.0000      0.6766
           1           2
           2           3
           3           4
           4           5
           5           6
ZONE T="Time =      31.2000" F=FEPOINT N=    6 E=    5 ET=LINESEG C=CYAN
      0.0000      0.0000      0.0000      0.0000
      9.7705      0.0000      0.0000      0.2295
     19.5599      0.0000      0.0000      0.4401
     29.3926      0.0000      0.0000      0.6074
     39.2851      0.0000      0.0000      0.7149
     49.2481      0.0000      0.0000      0.7519
           1           2
           2           3
           3           4
           4           5
           5           6
ZONE T="Time =      31.4000" F=FEPOINT N=    6 E=    5 ET=LINESEG C=CYAN
      0.0000      0.0000      0.0000      0.0000
      9.7663      0.0000      0.0000      0.2337
     19.5518      0.0000      0.0000      0.4482
     29.3814      0.0000      0.0000      0.6186
     39.2720      0.0000      0.0000      0.7280
     49.2343      0.0000      0.0000      0.7657
           1           2
           2           3
           3           4
           4           5
           5           6
ZONE T="Time =      31.6000" F=FEPOINT N=    6 E=    5 ET=LINESEG C=CYAN
      0.0000      0.0000      0.0000      0.0000
      9.7801      0.0000      0.0000      0.2199
     19.5783      0.0000      0.0000      0.4217
     29.4180      0.0000      0.0000      0.5820
     39.3150      0.0000      0.0000      0.6850
     49.2795      0.0000      0.0000      0.7205
           1           2
           2           3
           3           4
           4           5
           5           6
ZONE T="Time =      31.8000" F=FEPOINT N=    6 E=    5 ET=LINESEG C=CYAN
      0.0000      0.0000      0.0000      0.0000
      9.8098      0.0000      0.0000      0.1902
     19.6353      0.0000      0.0000      0.3647
     29.4966      0.0000      0.0000      0.5034
     39.4075      0.0000      0.0000      0.5925
     49.3769      0.0000      0.0000      0.6231
           1           2
           2           3
           3           4
           4           5
           5           6
ZONE T="Time =      32.0000" F=FEPOINT N=    6 E=    5 ET=LINESEG C=CYAN
      0.0000      0.0000      0.0000      0.0000
      9.8523      0.0000      0.0000      0.1477
     19.7167      0.0000      0.0000      0.2833
     29.6090      0.0000      0.0000      0.3910
     39.5398      0.0000      0.0000      0.4602
     49.5160      0.0000      0.0000      0.4840
           1           2
           2           3
           3           4
           4           5
           5           6
ZONE T="Time =      32.2000" F=FEPOINT N=    6 E=    5 ET=LINESEG C=CYAN
      0.0000      0.0000      0.0000      0.0000
      9.9035      0.0000      0.0000      0.0965
     19.8149      0.0000      0.0000      0.1851
     29.7446      0.0000      0.0000      0.2554
     39.6994      0.0000      0.0000      0.3006
     49.6838      0.0000      0.0000      0.3162
           1           2
           2           3
           3           4
           4           5
           5           6
ZONE T="Time =      32.4000" F=FEPOINT N=    6 E=    5 ET=LINESEG C=CYAN
      0.0000      0.0000      0.0000      0.0000
      9.9591      0.0000      0.0000      0.0409
     19.9216      0.0000      0.0000      0.0784
     29.8918      0.0000      0.0000      0.1082
     39.8727      0.0000      0.0000      0.1273
     49.8661      0.0000      0.0000      0.1339
           1           2
           2           3
           3           4
           4           5
           5           6
ZONE T="Time =      32.6000" F=FEPOINT N=    6 E=    5 ET=LINESEG C=CYAN
      0.0000      0.0000      0.0000      0.0000
     10.0146      0.0000      0.0000      0.0146
     20.0281      0.0000      0.0000      0.0281
     30.0387      0.0000      0.0000      0.0387
     40.0456      0.0000      0.0000      0.0456
     50.0480      0.0000      0.0000      0.0480
           1           2
           2           3
           3           4
           4           5
           5           6
ZONE T="Time =      32.8000" F=FEPOINT N=    6 E=    5 ET=LINESEG C=CYAN
      0.0000      0.0000      0.0000      0.0000
     10.0658      0.0000      0.0000      0.0658
     20.1263      0.0000      0.0000      0.1263
     30.1743      0.0000      0.0000      0.1743
     40.2051      0.0000      0.0000      0.2051
     50.2157      0.0000      0.0000      0.2157
           1           2
           2           3
           3           4
           4           5
           5           6
ZONE T="Time =      33.0000" F=FEPOINT N=    6 E=    5 ET=LINESEG C=CYAN
      0.0000      0.0000      0.0000      0.0000
     10.1091      0.0000      0.0000      0.1091
     20.2092      0.0000      0.0000      0.2092
     30.2887      0.0000      0.0000      0.2887
     40.3398      0.0000      0.0000      0.3398
     50.3574      0.0000      0.0000      0.3574
           1           2
           2           3
           3           4
           4           5
           5           6
ZONE T="Time =      33.2000" F=FEPOINT N=    6 E=    5 ET=LINESEG C=CYAN
      0.0000      0.0000      0.0000      0.0000
     10.1415      0.0000      0.0000      0.1415
     20.2715      0.0000      0.0000      0.2715
     30.3746      0.0000      0.0000      0.3746
     40.4409      0.0000      0.0000      0.4409
     50.4638      0.0000      0.0000      0.4638
           1           2
           2           3
           3           4
           4           5
           5           6
ZONE T="Time =      33.4000" F=FEPOINT N=    6 E=    5 ET=LINESEG C=CYAN
      0.0000      0.0000      0.0000      0.0000
     10.1614      0.0000      0.0000      0.1614
     20.3095      0.0000      0.0000      0.3095
     30.4271      0.0000      0.0000      0.4271
     40.5027      0.0000      0.0000      0.5027
     50.5287      0.0000      0.0000      0.5287
           1           2
           2           3
           3           4
           4           5
           5           6
ZONE T="Time =      33.6000" F=FEPOINT N=    6 E=    5 ET=LINESEG C=CYAN
      0.0000      0.0000      0.0000      0.0000
     10.1678      0.0000      0.0000      0.1678
     20.3218      0.0000      0.0000      0.3218
     30.4441      0.0000      0.0000      0.4441
     40.5227      0.0000      0.0000      0.5227
     50.5498      0.0000      0.0000      0.5498
           1           2
           2           3
           3           4
           4           5
           5           6
ZONE T="Time =      33.8000" F=FEPOINT N=    6 E=    5 ET=LINESEG C=CYAN
      0.0000      0.0000      0.0000      0.0000
     10.1611      0.0000      0.0000      0.1611
     20.3090      0.0000      0.0000      0.3090
     30.4264      0.0000      0.0000      0.4264
     40.5018      0.0000      0.0000      0.5018
     50.5278      0.0000      0.0000      0.5278
           1           2
           2           3
           3           4
           4           5
           5           6
ZONE T="Time =      34.0000" F=FEPOINT N=    6 E=    5 ET=LINESEG C=CYAN
      0.0000      0.0000      0.0000      0.0000
     10.1425      0.0000      0.0000      0.1425
     20.2734      0.0000      0.0000      0.2734
     30.3773      0.0000      0.0000      0.3773
     40.4440      0.0000      0.0000      0.4440
     50.4670      0.0000      0.0000      0.4670
           1           2
           2           3
           3           4
           4           5
           5           6
ZONE T="Time =      34.2000" F=FEPOINT N=    6 E=    5 ET=LINESEG C=CYAN
      0.0000      0.0000      0.0000      0.0000
     10.1142      0.0000      0.0000      0.1142
     20.2190      0.0000      0.0000      0.2190
     30.3023      0.0000      0.0000      0.3023
     40.3558      0.0000      0.0000      0.3558
     50.3742      0.0000      0.0000      0.3742
           1           2
           2           3
           3           4
           4           5
           5           6
ZONE T="Time =      34.4000" F=FEPOINT N=    6 E=    5 ET=LINESEG C=CYAN
      0.0000      0.0000      0.0000      0.0000
     10.0788      0.0000      0.0000      0.0788
     20.1512      0.0000      0.0000      0.1512
     30.2087      0.0000      0.0000      0.2087
     40.2456      0.0000      0.0000      0.2456
     50.2583      0.0000      0.0000      0.2583
           1           2
           2           3
           3           4
           4           5
           5           6
ZONE T="Time =      34.6000" F=FEPOINT N=    6 E=    5 ET=LINESEG C=CYAN
      0.0000      0.0000      0.0000      0.0000
     10.0395      0.0000      0.0000      0.0395
     20.0758      0.0000      0.0000      0.0758
     30.1046      0.0000      0.0000      0.1046
     40.1231      0.0000      0.0000      0.1231
     50.1295      0.0000      0.0000      0.1295
           1           2
           2           3
           3           4
           4           5
           5           6
ZONE T="Time =      34.8000" F=FEPOINT N=    6 E=    5 ET=LINESEG C=CYAN
      0.0000      0.0000      0.0000      0.0000
      9.9995      0.0000      0.0000      0.0005
     19.9990      0.0000      0.0000      0.0010
     29.9986      0.0000      0.0000      0.0014
     39.9983      0.0000      0.0000      0.0017
     49.9982      0.0000      0.0000      0.0018
           1           2
           2           3
           3           4
           4           5
           5           6
ZONE T="Time =      35.0000" F=FEPOINT N=    6 E=    5 ET=LINESEG C=CYAN
      0.0000      0.0000      0.0000      0.0000
      9.9617      0.0000      0.0000      0.0383
     19.9266      0.0000      0.0000      0.0734
     29.8988      0.0000      0.0000      0.1012
     39.8808      0.0000      0.0000      0.1192
     49.8747      0.0000      0.0000      0.1253
           1           2
           2           3
           3           4
           4           5
           5           6
ZONE T="Time =      35.2000" F=FEPOINT N=    6 E=    5 ET=LINESEG C=CYAN
      0.0000      0.0000      0.0000      0.0000
      9.9291      0.0000      0.0000      0.0709
     19.8641      0.0000      0.0000      0.1359
     29.8124      0.0000      0.0000      0.1876
     39.7792      0.0000      0.0000      0.2208
     49.7678      0.0000      0.0000      0.2322
           1           2
           2           3
           3           4
           4           5
           5           6
ZONE T="Time =      35.4000" F=FEPOINT N=    6 E=    5 ET=LINESEG C=CYAN
      0.0000      0.0000      0.0000      0.0000
      9.9038      0.0000      0.0000      0.0962
     19.8154      0.0000      0.0000      0.1846
     29.7453      0.0000      0.0000      0.2547
     39.7002      0.0000      0.0000      0.2998
     49.6847      0.0000      0.0000      0.3153
           1           2
           2           3
           3           4
           4           5
           5           6
ZONE T="Time =      35.6000" F=FEPOINT N=    6 E=    5 ET=LINESEG C=CYAN
      0.0000      0.0000      0.0000      0.0000
      9.8872      0.0000      0.0000      0.1128
     19.7836      0.0000      0.0000      0.2164
     29.7014      0.0000      0.0000      0.2986
     39.6486      0.0000      0.0000      0.3514
     49.6304      0.0000      0.0000      0.3696
           1           2
           2           3
           3           4
           4           5
           5           6
ZONE T="Time =      35.8000" F=FEPOINT N=    6 E=    5 ET=LINESEG C=CYAN
      0.0000      0.0000      0.0000      0.0000
      9.8801      0.0000      0.0000      0.1199
     19.7701      0.0000      0.0000      0.2299
     29.6827      0.0000      0.0000      0.3173
     39.6266      0.0000      0.0000      0.3734
     49.6073      0.0000      0.0000      0.3927
           1           2
           2           3
           3           4
           4           5
           5           6
ZONE T="Time =      36.0000" F=FEPOINT N=    6 E=    5 ET=LINESEG C=CYAN
      0.0000      0.0000      0.0000      0.0000
      9.8826      0.0000      0.0000      0.1174
     19.7749      0.0000      0.0000      0.2251
     29.6893      0.0000      0.0000      0.3107
     39.6343      0.0000      0.0000      0.3657
     49.6154      0.0000      0.0000      0.3846
           1           2
           2           3
           3           4
           4           5
           5           6
ZONE T="Time =      36.2000" F=FEPOINT N=    6 E=    5 ET=LINESEG C=CYAN
      0.0000      0.0000      0.0000      0.0000
      9.8939      0.0000      0.0000      0.1061
     19.7964      0.0000      0.0000      0.2036
     29.7190      0.0000      0.0000      0.2810
     39.6693      0.0000      0.0000      0.3307
     49.6522      0.0000      0.0000      0.3478
           1           2
           2           3
           3           4
           4           5
           5           6
ZONE T="Time =      36.4000" F=FEPOINT N=    6 E=    5 ET=LINESEG C=CYAN
      0.0000      0.0000      0.0000      0.0000
      9.9125      0.0000      0.0000      0.0875
     19.8322      0.0000      0.0000      0.1678
     29.7685      0.0000      0.0000      0.2315
     39.7275      0.0000      0.0000      0.2725
     49.7134      0.0000      0.0000      0.2866
           1           2
           2           3
           3           4
           4           5
           5           6
ZONE T="Time =      36.6000" F=FEPOINT N=    6 E=    5 ET=LINESEG C=CYAN
      0.0000      0.0000      0.0000      0.0000
      9.9368      0.0000      0.0000      0.0632
     19.8787      0.0000      0.0000      0.1213
     29.8326      0.0000      0.0000      0.1674
     39.8030      0.0000      0.0000      0.1970
     49.7928      0.0000      0.0000      0.2072
           1           2
           2           3
           3           4
           4           5
           5           6
ZONE T="Time =      36.8000" F=FEPOINT N=    6 E=    5 ET=LINESEG C=CYAN
      0.0000      0.0000      0.0000      0.0000
      9.9644      0.0000      0.0000      0.0356
     19.9317      0.0000      0.0000      0.0683
     29.9058      0.0000      0.0000      0.0942
     39.8891      0.0000      0.0000      0.1109
     49.8834      0.0000      0.0000      0.1166
           1           2
           2           3
           3           4
           4           5
           5           6
ZONE T="Time =      37.0000" F=FEPOINT N=    6 E=    5 ET=LINESEG C=CYAN
      0.0000      0.0000      0.0000      0.0000
      9.9932      0.0000      0.0000      0.0068
     19.9869      0.0000      0.0000      0.0131
     29.9819      0.0000      0.0000      0.0181
     39.9787      0.0000      0.0000      0.0213
     49.9776      0.0000      0.0000      0.0224
           1           2
           2           3
           3           4
           4           5
           5           6
ZONE T="Time =      37.2000" F=FEPOINT N=    6 E=    5 ET=LINESEG C=CYAN
      0.0000      0.0000      0.0000      0.0000
     10.0208      0.0000      0.0000      0.0208
     20.0399      0.0000      0.0000      0.0399
     30.0550      0.0000      0.0000      0.0550
     40.0648      0.0000      0.0000      0.0648
     50.0681      0.0000      0.0000      0.0681
           1           2
           2           3
           3           4
           4           5
           5           6
ZONE T="Time =      37.4000" F=FEPOINT N=    6 E=    5 ET=LINESEG C=CYAN
      0.0000      0.0000      0.0000      0.0000
     10.0452      0.0000      0.0000      0.0452
     20.0868      0.0000      0.0000      0.0868
     30.1197      0.0000      0.0000      0.1197
     40.1409      0.0000      0.0000      0.1409
     50.1482      0.0000      0.0000      0.1482
           1           2
           2           3
           3           4
           4           5
           5           6
ZONE T="Time =      37.6000" F=FEPOINT N=    6 E=    5 ET=LINESEG C=CYAN
      0.0000      0.0000      0.0000      0.0000
     10.0648      0.0000      0.0000      0.0648
     20.1243      0.0000      0.0000      0.1243
     30.1716      0.0000      0.0000      0.1716
     40.2020      0.0000      0.0000      0.2020
     50.2124      0.0000      0.0000      0.2124
           1           2
           2           3
           3           4
           4           5
           5           6
ZONE T="Time =      37.8000" F=FEPOINT N=    6 E=    5 ET=LINESEG C=CYAN
      0.0000      0.0000      0.0000      0.0000
     10.0784      0.0000      0.0000      0.0784
     20.1503      0.0000      0.0000      0.1503
     30.2074      0.0000      0.0000      0.2074
     40.2441      0.0000      0.0000      0.2441
     50.2568      0.0000      0.0000      0.2568
           1           2
           2           3
           3           4
           4           5
           5           6
ZONE T="Time =      38.0000" F=FEPOINT N=    6 E=    5 ET=LINESEG C=CYAN
      0.0000      0.0000      0.0000      0.0000
     10.0852      0.0000      0.0000      0.0852
     20.1634      0.0000      0.0000      0.1634
     30.2255      0.0000      0.0000      0.2255
     40.2653      0.0000      0.0000      0.2653
     50.2791      0.0000      0.0000      0.2791
           1           2
           2           3
           3           4
           4           5
           5           6
ZONE T="Time =      38.2000" F=FEPOINT N=    6 E=    5 ET=LINESEG C=CYAN
      0.0000      0.0000      0.0000      0.0000
     10.0851      0.0000      0.0000      0.0851
     20.1632      0.0000      0.0000      0.1632
     30.2253      0.0000      0.0000      0.2253
     40.2651      0.0000      0.0000      0.2651
     50.2789      0.0000      0.0000      0.2789
           1           2
           2           3
           3           4
           4           5
           5           6
ZONE T="Time =      38.4000" F=FEPOINT N=    6 E=    5 ET=LINESEG C=CYAN
      0.0000      0.0000      0.0000      0.0000
     10.0786      0.0000      0.0000      0.0786
     20.1507      0.0000      0.0000      0.1507
     30.2080      0.0000      0.0000      0.2080
     40.2448      0.0000      0.0000      0.2448
     50.2575      0.0000      0.0000      0.2575
           1           2
           2           3
           3           4
           4           5
           5           6
ZONE T="Time =      38.6000" F=FEPOINT N=    6 E=    5 ET=LINESEG C=CYAN
      0.0000      0.0000      0.0000      0.0000
     10.0665      0.0000      0.0000      0.0665
     20.1275      0.0000      0.0000      0.1275
     30.1759      0.0000      0.0000      0.1759
     40.2070      0.0000      0.0000      0.2070
     50.2178      0.0000      0.0000      0.2178
           1           2
           2           3
           3           4
           4           5
           5           6
ZONE T="Time =      38.8000" F=FEPOINT N=    6 E=    5 ET=LINESEG C=CYAN
      0.0000      0.0000      0.0000      0.0000
     10.0500      0.0000      0.0000      0.0500
     20.0959      0.0000      0.0000      0.0959
     30.1323      0.0000      0.0000      0.1323
     40.1557      0.0000      0.0000      0.1557
     50.1638      0.0000      0.0000      0.1638
           1           2
           2           3
           3           4
           4           5
           5           6
ZONE T="Time =      39.0000" F=FEPOINT N=    6 E=    5 ET=LINESEG C=CYAN
      0.0000      0.0000      0.0000      0.0000
     10.0307      0.0000      0.0000      0.0307
     20.0588      0.0000      0.0000      0.0588
     30.0811      0.0000      0.0000      0.0811
     40.0955      0.0000      0.0000      0.0955
     50.1004      0.0000      0.0000      0.1004
           1           2
           2           3
           3           4
           4           5
           5           6
ZONE T="Time =      39.2000" F=FEPOINT N=    6 E=    5 ET=LINESEG C=CYAN
      0.0000      0.0000      0.0000      0.0000
     10.0101      0.0000      0.0000      0.0101
     20.0194      0.0000      0.0000      0.0194
     30.0268      0.0000      0.0000      0.0268
     40.0315      0.0000      0.0000      0.0315
     50.0331      0.0000      0.0000      0.0331
           1           2
           2           3
           3           4
           4           5
           5           6
ZONE T="Time =      39.4000" F=FEPOINT N=    6 E=    5 ET=LINESEG C=CYAN
      0.0000      0.0000      0.0000      0.0000
      9.9900      0.0000      0.0000      0.0100
     19.9808      0.0000      0.0000      0.0192
     29.9735      0.0000      0.0000      0.0265
     39.9688      0.0000      0.0000      0.0312
     49.9672      0.0000      0.0000      0.0328
           1           2
           2           3
           3           4
           4           5
           5           6
ZONE T="Time =      39.6000" F=FEPOINT N=    6 E=    5 ET=LINESEG C=CYAN
      0.0000      0.0000      0.0000      0.0000
      9.9718      0.0000      0.0000      0.0282
     19.9459      0.0000      0.0000      0.0541
     29.9253      0.0000      0.0000      0.0747
     39.9121      0.0000      0.0000      0.0879
     49.9076      0.0000      0.0000      0.0924
           1           2
           2           3
           3           4
           4           5
           5           6
ZONE T="Time =      39.8000" F=FEPOINT N=    6 E=    5 ET=LINESEG C=CYAN
      0.0000      0.0000      0.0000      0.0000
      9.9568      0.0000      0.0000      0.0432
     19.9171      0.0000      0.0000      0.0829
     29.8856      0.0000      0.0000      0.1144
     39.8653      0.0000      0.0000      0.1347
     49.8584      0.0000      0.0000      0.1416
           1           2
           2           3
           3           4
           4           5
           5           6
ZONE T="Time =      40.0000" F=FEPOINT N=    6 E=    5 ET=LINESEG C=CYAN
      0.0000      0.0000      0.0000      0.0000
      9.9459      0.0000      0.0000      0.0541
     19.8963      0.0000      0.0000      0.1037
     29.8568      0.0000      0.0000      0.1432
     39.8315      0.0000      0.0000      0.1685
     49.8228      0.0000      0.0000      0.1772
           1           2
           2           3
           3           4
           4           5
           5           6
