1	 1	 1	 1	0	 0	 0	
2	 1	 1	 1	0	 5.000000e-02	 0	
3	 1	 1	 1	0	 1.000000e-01	 0	
4	 1	 1	 1	0	 1.500000e-01	 0	
5	 1	 1	 1	0	 2.000000e-01	 0	
6	 1	 1	 1	0	 2.500000e-01	 0	
7	 1	 1	 1	0	 3.000000e-01	 0	
8	 1	 1	 1	0	 3.500000e-01	 0	
9	 1	 1	 1	0	 4.000000e-01	 0	
10	 1	 1	 1	0	 4.500000e-01	 0	
11	 1	 1	 1	0	 5.000000e-01	 0	
12	 0	 0	 1	5.000000e-02	 0	 0	
13	 0	 0	 1	5.000000e-02	 5.000000e-02	 0	
14	 0	 0	 1	5.000000e-02	 1.000000e-01	 0	
15	 0	 0	 1	5.000000e-02	 1.500000e-01	 0	
16	 0	 0	 1	5.000000e-02	 2.000000e-01	 0	
17	 0	 0	 1	5.000000e-02	 2.500000e-01	 0	
18	 0	 0	 1	5.000000e-02	 3.000000e-01	 0	
19	 0	 0	 1	5.000000e-02	 3.500000e-01	 0	
20	 0	 0	 1	5.000000e-02	 4.000000e-01	 0	
21	 0	 0	 1	5.000000e-02	 4.500000e-01	 0	
22	 0	 0	 1	5.000000e-02	 5.000000e-01	 0	
23	 0	 0	 1	1.000000e-01	 0	 0	
24	 0	 0	 1	1.000000e-01	 5.000000e-02	 0	
25	 0	 0	 1	1.000000e-01	 1.000000e-01	 0	
26	 0	 0	 1	1.000000e-01	 1.500000e-01	 0	
27	 0	 0	 1	1.000000e-01	 2.000000e-01	 0	
28	 0	 0	 1	1.000000e-01	 2.500000e-01	 0	
29	 0	 0	 1	1.000000e-01	 3.000000e-01	 0	
30	 0	 0	 1	1.000000e-01	 3.500000e-01	 0	
31	 0	 0	 1	1.000000e-01	 4.000000e-01	 0	
32	 0	 0	 1	1.000000e-01	 4.500000e-01	 0	
33	 0	 0	 1	1.000000e-01	 5.000000e-01	 0	
34	 0	 0	 1	1.500000e-01	 0	 0	
35	 0	 0	 1	1.500000e-01	 5.000000e-02	 0	
36	 0	 0	 1	1.500000e-01	 1.000000e-01	 0	
37	 0	 0	 1	1.500000e-01	 1.500000e-01	 0	
38	 0	 0	 1	1.500000e-01	 2.000000e-01	 0	
39	 0	 0	 1	1.500000e-01	 2.500000e-01	 0	
40	 0	 0	 1	1.500000e-01	 3.000000e-01	 0	
41	 0	 0	 1	1.500000e-01	 3.500000e-01	 0	
42	 0	 0	 1	1.500000e-01	 4.000000e-01	 0	
43	 0	 0	 1	1.500000e-01	 4.500000e-01	 0	
44	 0	 0	 1	1.500000e-01	 5.000000e-01	 0	
45	 0	 0	 1	2.000000e-01	 0	 0	
46	 0	 0	 1	2.000000e-01	 5.000000e-02	 0	
47	 0	 0	 1	2.000000e-01	 1.000000e-01	 0	
48	 0	 0	 1	2.000000e-01	 1.500000e-01	 0	
49	 0	 0	 1	2.000000e-01	 2.000000e-01	 0	
50	 0	 0	 1	2.000000e-01	 2.500000e-01	 0	
51	 0	 0	 1	2.000000e-01	 3.000000e-01	 0	
52	 0	 0	 1	2.000000e-01	 3.500000e-01	 0	
53	 0	 0	 1	2.000000e-01	 4.000000e-01	 0	
54	 0	 0	 1	2.000000e-01	 4.500000e-01	 0	
55	 0	 0	 1	2.000000e-01	 5.000000e-01	 0	
56	 0	 0	 1	2.500000e-01	 0	 0	
57	 0	 0	 1	2.500000e-01	 5.000000e-02	 0	
58	 0	 0	 1	2.500000e-01	 1.000000e-01	 0	
59	 0	 0	 1	2.500000e-01	 1.500000e-01	 0	
60	 0	 0	 1	2.500000e-01	 2.000000e-01	 0	
61	 0	 0	 1	2.500000e-01	 2.500000e-01	 0	
62	 0	 0	 1	2.500000e-01	 3.000000e-01	 0	
63	 0	 0	 1	2.500000e-01	 3.500000e-01	 0	
64	 0	 0	 1	2.500000e-01	 4.000000e-01	 0	
65	 0	 0	 1	2.500000e-01	 4.500000e-01	 0	
66	 0	 0	 1	2.500000e-01	 5.000000e-01	 0	
67	 0	 0	 1	3.000000e-01	 0	 0	
68	 0	 0	 1	3.000000e-01	 5.000000e-02	 0	
69	 0	 0	 1	3.000000e-01	 1.000000e-01	 0	
70	 0	 0	 1	3.000000e-01	 1.500000e-01	 0	
71	 0	 0	 1	3.000000e-01	 2.000000e-01	 0	
72	 0	 0	 1	3.000000e-01	 2.500000e-01	 0	
73	 0	 0	 1	3.000000e-01	 3.000000e-01	 0	
74	 0	 0	 1	3.000000e-01	 3.500000e-01	 0	
75	 0	 0	 1	3.000000e-01	 4.000000e-01	 0	
76	 0	 0	 1	3.000000e-01	 4.500000e-01	 0	
77	 0	 0	 1	3.000000e-01	 5.000000e-01	 0	
78	 0	 0	 1	3.500000e-01	 0	 0	
79	 0	 0	 1	3.500000e-01	 5.000000e-02	 0	
80	 0	 0	 1	3.500000e-01	 1.000000e-01	 0	
81	 0	 0	 1	3.500000e-01	 1.500000e-01	 0	
82	 0	 0	 1	3.500000e-01	 2.000000e-01	 0	
83	 0	 0	 1	3.500000e-01	 2.500000e-01	 0	
84	 0	 0	 1	3.500000e-01	 3.000000e-01	 0	
85	 0	 0	 1	3.500000e-01	 3.500000e-01	 0	
86	 0	 0	 1	3.500000e-01	 4.000000e-01	 0	
87	 0	 0	 1	3.500000e-01	 4.500000e-01	 0	
88	 0	 0	 1	3.500000e-01	 5.000000e-01	 0	
89	 0	 0	 1	4.000000e-01	 0	 0	
90	 0	 0	 1	4.000000e-01	 5.000000e-02	 0	
91	 0	 0	 1	4.000000e-01	 1.000000e-01	 0	
92	 0	 0	 1	4.000000e-01	 1.500000e-01	 0	
93	 0	 0	 1	4.000000e-01	 2.000000e-01	 0	
94	 0	 0	 1	4.000000e-01	 2.500000e-01	 0	
95	 0	 0	 1	4.000000e-01	 3.000000e-01	 0	
96	 0	 0	 1	4.000000e-01	 3.500000e-01	 0	
97	 0	 0	 1	4.000000e-01	 4.000000e-01	 0	
98	 0	 0	 1	4.000000e-01	 4.500000e-01	 0	
99	 0	 0	 1	4.000000e-01	 5.000000e-01	 0	
100	 0	 0	 1	4.500000e-01	 0	 0	
101	 0	 0	 1	4.500000e-01	 5.000000e-02	 0	
102	 0	 0	 1	4.500000e-01	 1.000000e-01	 0	
103	 0	 0	 1	4.500000e-01	 1.500000e-01	 0	
104	 0	 0	 1	4.500000e-01	 2.000000e-01	 0	
105	 0	 0	 1	4.500000e-01	 2.500000e-01	 0	
106	 0	 0	 1	4.500000e-01	 3.000000e-01	 0	
107	 0	 0	 1	4.500000e-01	 3.500000e-01	 0	
108	 0	 0	 1	4.500000e-01	 4.000000e-01	 0	
109	 0	 0	 1	4.500000e-01	 4.500000e-01	 0	
110	 0	 0	 1	4.500000e-01	 5.000000e-01	 0	
111	 0	 0	 1	5.000000e-01	 0	 0	
112	 0	 0	 1	5.000000e-01	 5.000000e-02	 0	
113	 0	 0	 1	5.000000e-01	 1.000000e-01	 0	
114	 0	 0	 1	5.000000e-01	 1.500000e-01	 0	
115	 0	 0	 1	5.000000e-01	 2.000000e-01	 0	
116	 0	 0	 1	5.000000e-01	 2.500000e-01	 0	
117	 0	 0	 1	5.000000e-01	 3.000000e-01	 0	
118	 0	 0	 1	5.000000e-01	 3.500000e-01	 0	
119	 0	 0	 1	5.000000e-01	 4.000000e-01	 0	
120	 0	 0	 1	5.000000e-01	 4.500000e-01	 0	
121	 0	 0	 1	5.000000e-01	 5.000000e-01	 0	
122	 0	 0	 1	5.500000e-01	 0	 0	
123	 0	 0	 1	5.500000e-01	 5.000000e-02	 0	
124	 0	 0	 1	5.500000e-01	 1.000000e-01	 0	
125	 0	 0	 1	5.500000e-01	 1.500000e-01	 0	
126	 0	 0	 1	5.500000e-01	 2.000000e-01	 0	
127	 0	 0	 1	5.500000e-01	 2.500000e-01	 0	
128	 0	 0	 1	5.500000e-01	 3.000000e-01	 0	
129	 0	 0	 1	5.500000e-01	 3.500000e-01	 0	
130	 0	 0	 1	5.500000e-01	 4.000000e-01	 0	
131	 0	 0	 1	5.500000e-01	 4.500000e-01	 0	
132	 0	 0	 1	5.500000e-01	 5.000000e-01	 0	
133	 0	 0	 1	6.000000e-01	 0	 0	
134	 0	 0	 1	6.000000e-01	 5.000000e-02	 0	
135	 0	 0	 1	6.000000e-01	 1.000000e-01	 0	
136	 0	 0	 1	6.000000e-01	 1.500000e-01	 0	
137	 0	 0	 1	6.000000e-01	 2.000000e-01	 0	
138	 0	 0	 1	6.000000e-01	 2.500000e-01	 0	
139	 0	 0	 1	6.000000e-01	 3.000000e-01	 0	
140	 0	 0	 1	6.000000e-01	 3.500000e-01	 0	
141	 0	 0	 1	6.000000e-01	 4.000000e-01	 0	
142	 0	 0	 1	6.000000e-01	 4.500000e-01	 0	
143	 0	 0	 1	6.000000e-01	 5.000000e-01	 0	
144	 0	 0	 1	6.500000e-01	 0	 0	
145	 0	 0	 1	6.500000e-01	 5.000000e-02	 0	
146	 0	 0	 1	6.500000e-01	 1.000000e-01	 0	
147	 0	 0	 1	6.500000e-01	 1.500000e-01	 0	
148	 0	 0	 1	6.500000e-01	 2.000000e-01	 0	
149	 0	 0	 1	6.500000e-01	 2.500000e-01	 0	
150	 0	 0	 1	6.500000e-01	 3.000000e-01	 0	
151	 0	 0	 1	6.500000e-01	 3.500000e-01	 0	
152	 0	 0	 1	6.500000e-01	 4.000000e-01	 0	
153	 0	 0	 1	6.500000e-01	 4.500000e-01	 0	
154	 0	 0	 1	6.500000e-01	 5.000000e-01	 0	
155	 0	 0	 1	7.000000e-01	 0	 0	
156	 0	 0	 1	7.000000e-01	 5.000000e-02	 0	
157	 0	 0	 1	7.000000e-01	 1.000000e-01	 0	
158	 0	 0	 1	7.000000e-01	 1.500000e-01	 0	
159	 0	 0	 1	7.000000e-01	 2.000000e-01	 0	
160	 0	 0	 1	7.000000e-01	 2.500000e-01	 0	
161	 0	 0	 1	7.000000e-01	 3.000000e-01	 0	
162	 0	 0	 1	7.000000e-01	 3.500000e-01	 0	
163	 0	 0	 1	7.000000e-01	 4.000000e-01	 0	
164	 0	 0	 1	7.000000e-01	 4.500000e-01	 0	
165	 0	 0	 1	7.000000e-01	 5.000000e-01	 0	
166	 0	 0	 1	7.500000e-01	 0	 0	
167	 0	 0	 1	7.500000e-01	 5.000000e-02	 0	
168	 0	 0	 1	7.500000e-01	 1.000000e-01	 0	
169	 0	 0	 1	7.500000e-01	 1.500000e-01	 0	
170	 0	 0	 1	7.500000e-01	 2.000000e-01	 0	
171	 0	 0	 1	7.500000e-01	 2.500000e-01	 0	
172	 0	 0	 1	7.500000e-01	 3.000000e-01	 0	
173	 0	 0	 1	7.500000e-01	 3.500000e-01	 0	
174	 0	 0	 1	7.500000e-01	 4.000000e-01	 0	
175	 0	 0	 1	7.500000e-01	 4.500000e-01	 0	
176	 0	 0	 1	7.500000e-01	 5.000000e-01	 0	
177	 0	 0	 1	8.000000e-01	 0	 0	
178	 0	 0	 1	8.000000e-01	 5.000000e-02	 0	
179	 0	 0	 1	8.000000e-01	 1.000000e-01	 0	
180	 0	 0	 1	8.000000e-01	 1.500000e-01	 0	
181	 0	 0	 1	8.000000e-01	 2.000000e-01	 0	
182	 0	 0	 1	8.000000e-01	 2.500000e-01	 0	
183	 0	 0	 1	8.000000e-01	 3.000000e-01	 0	
184	 0	 0	 1	8.000000e-01	 3.500000e-01	 0	
185	 0	 0	 1	8.000000e-01	 4.000000e-01	 0	
186	 0	 0	 1	8.000000e-01	 4.500000e-01	 0	
187	 0	 0	 1	8.000000e-01	 5.000000e-01	 0	
188	 0	 0	 1	8.500000e-01	 0	 0	
189	 0	 0	 1	8.500000e-01	 5.000000e-02	 0	
190	 0	 0	 1	8.500000e-01	 1.000000e-01	 0	
191	 0	 0	 1	8.500000e-01	 1.500000e-01	 0	
192	 0	 0	 1	8.500000e-01	 2.000000e-01	 0	
193	 0	 0	 1	8.500000e-01	 2.500000e-01	 0	
194	 0	 0	 1	8.500000e-01	 3.000000e-01	 0	
195	 0	 0	 1	8.500000e-01	 3.500000e-01	 0	
196	 0	 0	 1	8.500000e-01	 4.000000e-01	 0	
197	 0	 0	 1	8.500000e-01	 4.500000e-01	 0	
198	 0	 0	 1	8.500000e-01	 5.000000e-01	 0	
199	 0	 0	 1	9.000000e-01	 0	 0	
200	 0	 0	 1	9.000000e-01	 5.000000e-02	 0	
201	 0	 0	 1	9.000000e-01	 1.000000e-01	 0	
202	 0	 0	 1	9.000000e-01	 1.500000e-01	 0	
203	 0	 0	 1	9.000000e-01	 2.000000e-01	 0	
204	 0	 0	 1	9.000000e-01	 2.500000e-01	 0	
205	 0	 0	 1	9.000000e-01	 3.000000e-01	 0	
206	 0	 0	 1	9.000000e-01	 3.500000e-01	 0	
207	 0	 0	 1	9.000000e-01	 4.000000e-01	 0	
208	 0	 0	 1	9.000000e-01	 4.500000e-01	 0	
209	 0	 0	 1	9.000000e-01	 5.000000e-01	 0	
210	 0	 0	 1	9.500000e-01	 0	 0	
211	 0	 0	 1	9.500000e-01	 5.000000e-02	 0	
212	 0	 0	 1	9.500000e-01	 1.000000e-01	 0	
213	 0	 0	 1	9.500000e-01	 1.500000e-01	 0	
214	 0	 0	 1	9.500000e-01	 2.000000e-01	 0	
215	 0	 0	 1	9.500000e-01	 2.500000e-01	 0	
216	 0	 0	 1	9.500000e-01	 3.000000e-01	 0	
217	 0	 0	 1	9.500000e-01	 3.500000e-01	 0	
218	 0	 0	 1	9.500000e-01	 4.000000e-01	 0	
219	 0	 0	 1	9.500000e-01	 4.500000e-01	 0	
220	 0	 0	 1	9.500000e-01	 5.000000e-01	 0	
221	 0	 0	 1	1	 0	 0	
222	 0	 0	 1	1	 5.000000e-02	 0	
223	 0	 0	 1	1	 1.000000e-01	 0	
224	 0	 0	 1	1	 1.500000e-01	 0	
225	 0	 0	 1	1	 2.000000e-01	 0	
226	 0	 0	 1	1	 2.500000e-01	 0	
227	 0	 0	 1	1	 3.000000e-01	 0	
228	 0	 0	 1	1	 3.500000e-01	 0	
229	 0	 0	 1	1	 4.000000e-01	 0	
230	 0	 0	 1	1	 4.500000e-01	 0	
231	 0	 0	 1	1	 5.000000e-01	 0	
232	 0	 0	 1	1.050000e+00	 0	 0	
233	 0	 0	 1	1.050000e+00	 5.000000e-02	 0	
234	 0	 0	 1	1.050000e+00	 1.000000e-01	 0	
235	 0	 0	 1	1.050000e+00	 1.500000e-01	 0	
236	 0	 0	 1	1.050000e+00	 2.000000e-01	 0	
237	 0	 0	 1	1.050000e+00	 2.500000e-01	 0	
238	 0	 0	 1	1.050000e+00	 3.000000e-01	 0	
239	 0	 0	 1	1.050000e+00	 3.500000e-01	 0	
240	 0	 0	 1	1.050000e+00	 4.000000e-01	 0	
241	 0	 0	 1	1.050000e+00	 4.500000e-01	 0	
242	 0	 0	 1	1.050000e+00	 5.000000e-01	 0	
243	 0	 0	 1	1.100000e+00	 0	 0	
244	 0	 0	 1	1.100000e+00	 5.000000e-02	 0	
245	 0	 0	 1	1.100000e+00	 1.000000e-01	 0	
246	 0	 0	 1	1.100000e+00	 1.500000e-01	 0	
247	 0	 0	 1	1.100000e+00	 2.000000e-01	 0	
248	 0	 0	 1	1.100000e+00	 2.500000e-01	 0	
249	 0	 0	 1	1.100000e+00	 3.000000e-01	 0	
250	 0	 0	 1	1.100000e+00	 3.500000e-01	 0	
251	 0	 0	 1	1.100000e+00	 4.000000e-01	 0	
252	 0	 0	 1	1.100000e+00	 4.500000e-01	 0	
253	 0	 0	 1	1.100000e+00	 5.000000e-01	 0	
254	 0	 0	 1	1.150000e+00	 0	 0	
255	 0	 0	 1	1.150000e+00	 5.000000e-02	 0	
256	 0	 0	 1	1.150000e+00	 1.000000e-01	 0	
257	 0	 0	 1	1.150000e+00	 1.500000e-01	 0	
258	 0	 0	 1	1.150000e+00	 2.000000e-01	 0	
259	 0	 0	 1	1.150000e+00	 2.500000e-01	 0	
260	 0	 0	 1	1.150000e+00	 3.000000e-01	 0	
261	 0	 0	 1	1.150000e+00	 3.500000e-01	 0	
262	 0	 0	 1	1.150000e+00	 4.000000e-01	 0	
263	 0	 0	 1	1.150000e+00	 4.500000e-01	 0	
264	 0	 0	 1	1.150000e+00	 5.000000e-01	 0	
265	 0	 0	 1	1.200000e+00	 0	 0	
266	 0	 0	 1	1.200000e+00	 5.000000e-02	 0	
267	 0	 0	 1	1.200000e+00	 1.000000e-01	 0	
268	 0	 0	 1	1.200000e+00	 1.500000e-01	 0	
269	 0	 0	 1	1.200000e+00	 2.000000e-01	 0	
270	 0	 0	 1	1.200000e+00	 2.500000e-01	 0	
271	 0	 0	 1	1.200000e+00	 3.000000e-01	 0	
272	 0	 0	 1	1.200000e+00	 3.500000e-01	 0	
273	 0	 0	 1	1.200000e+00	 4.000000e-01	 0	
274	 0	 0	 1	1.200000e+00	 4.500000e-01	 0	
275	 0	 0	 1	1.200000e+00	 5.000000e-01	 0	
276	 0	 0	 1	1.250000e+00	 0	 0	
277	 0	 0	 1	1.250000e+00	 5.000000e-02	 0	
278	 0	 0	 1	1.250000e+00	 1.000000e-01	 0	
279	 0	 0	 1	1.250000e+00	 1.500000e-01	 0	
280	 0	 0	 1	1.250000e+00	 2.000000e-01	 0	
281	 0	 0	 1	1.250000e+00	 2.500000e-01	 0	
282	 0	 0	 1	1.250000e+00	 3.000000e-01	 0	
283	 0	 0	 1	1.250000e+00	 3.500000e-01	 0	
284	 0	 0	 1	1.250000e+00	 4.000000e-01	 0	
285	 0	 0	 1	1.250000e+00	 4.500000e-01	 0	
286	 0	 0	 1	1.250000e+00	 5.000000e-01	 0	
287	 0	 0	 1	1.300000e+00	 0	 0	
288	 0	 0	 1	1.300000e+00	 5.000000e-02	 0	
289	 0	 0	 1	1.300000e+00	 1.000000e-01	 0	
290	 0	 0	 1	1.300000e+00	 1.500000e-01	 0	
291	 0	 0	 1	1.300000e+00	 2.000000e-01	 0	
292	 0	 0	 1	1.300000e+00	 2.500000e-01	 0	
293	 0	 0	 1	1.300000e+00	 3.000000e-01	 0	
294	 0	 0	 1	1.300000e+00	 3.500000e-01	 0	
295	 0	 0	 1	1.300000e+00	 4.000000e-01	 0	
296	 0	 0	 1	1.300000e+00	 4.500000e-01	 0	
297	 0	 0	 1	1.300000e+00	 5.000000e-01	 0	
298	 0	 0	 1	1.350000e+00	 0	 0	
299	 0	 0	 1	1.350000e+00	 5.000000e-02	 0	
300	 0	 0	 1	1.350000e+00	 1.000000e-01	 0	
301	 0	 0	 1	1.350000e+00	 1.500000e-01	 0	
302	 0	 0	 1	1.350000e+00	 2.000000e-01	 0	
303	 0	 0	 1	1.350000e+00	 2.500000e-01	 0	
304	 0	 0	 1	1.350000e+00	 3.000000e-01	 0	
305	 0	 0	 1	1.350000e+00	 3.500000e-01	 0	
306	 0	 0	 1	1.350000e+00	 4.000000e-01	 0	
307	 0	 0	 1	1.350000e+00	 4.500000e-01	 0	
308	 0	 0	 1	1.350000e+00	 5.000000e-01	 0	
309	 0	 0	 1	1.400000e+00	 0	 0	
310	 0	 0	 1	1.400000e+00	 5.000000e-02	 0	
311	 0	 0	 1	1.400000e+00	 1.000000e-01	 0	
312	 0	 0	 1	1.400000e+00	 1.500000e-01	 0	
313	 0	 0	 1	1.400000e+00	 2.000000e-01	 0	
314	 0	 0	 1	1.400000e+00	 2.500000e-01	 0	
315	 0	 0	 1	1.400000e+00	 3.000000e-01	 0	
316	 0	 0	 1	1.400000e+00	 3.500000e-01	 0	
317	 0	 0	 1	1.400000e+00	 4.000000e-01	 0	
318	 0	 0	 1	1.400000e+00	 4.500000e-01	 0	
319	 0	 0	 1	1.400000e+00	 5.000000e-01	 0	
320	 0	 0	 1	1.450000e+00	 0	 0	
321	 0	 0	 1	1.450000e+00	 5.000000e-02	 0	
322	 0	 0	 1	1.450000e+00	 1.000000e-01	 0	
323	 0	 0	 1	1.450000e+00	 1.500000e-01	 0	
324	 0	 0	 1	1.450000e+00	 2.000000e-01	 0	
325	 0	 0	 1	1.450000e+00	 2.500000e-01	 0	
326	 0	 0	 1	1.450000e+00	 3.000000e-01	 0	
327	 0	 0	 1	1.450000e+00	 3.500000e-01	 0	
328	 0	 0	 1	1.450000e+00	 4.000000e-01	 0	
329	 0	 0	 1	1.450000e+00	 4.500000e-01	 0	
330	 0	 0	 1	1.450000e+00	 5.000000e-01	 0	
331	 0	 0	 1	1.500000e+00	 0	 0	
332	 0	 0	 1	1.500000e+00	 5.000000e-02	 0	
333	 0	 0	 1	1.500000e+00	 1.000000e-01	 0	
334	 0	 0	 1	1.500000e+00	 1.500000e-01	 0	
335	 0	 0	 1	1.500000e+00	 2.000000e-01	 0	
336	 0	 0	 1	1.500000e+00	 2.500000e-01	 0	
337	 0	 0	 1	1.500000e+00	 3.000000e-01	 0	
338	 0	 0	 1	1.500000e+00	 3.500000e-01	 0	
339	 0	 0	 1	1.500000e+00	 4.000000e-01	 0	
340	 0	 0	 1	1.500000e+00	 4.500000e-01	 0	
341	 0	 0	 1	1.500000e+00	 5.000000e-01	 0	
342	 0	 0	 1	1.550000e+00	 0	 0	
343	 0	 0	 1	1.550000e+00	 5.000000e-02	 0	
344	 0	 0	 1	1.550000e+00	 1.000000e-01	 0	
345	 0	 0	 1	1.550000e+00	 1.500000e-01	 0	
346	 0	 0	 1	1.550000e+00	 2.000000e-01	 0	
347	 0	 0	 1	1.550000e+00	 2.500000e-01	 0	
348	 0	 0	 1	1.550000e+00	 3.000000e-01	 0	
349	 0	 0	 1	1.550000e+00	 3.500000e-01	 0	
350	 0	 0	 1	1.550000e+00	 4.000000e-01	 0	
351	 0	 0	 1	1.550000e+00	 4.500000e-01	 0	
352	 0	 0	 1	1.550000e+00	 5.000000e-01	 0	
353	 0	 0	 1	1.600000e+00	 0	 0	
354	 0	 0	 1	1.600000e+00	 5.000000e-02	 0	
355	 0	 0	 1	1.600000e+00	 1.000000e-01	 0	
356	 0	 0	 1	1.600000e+00	 1.500000e-01	 0	
357	 0	 0	 1	1.600000e+00	 2.000000e-01	 0	
358	 0	 0	 1	1.600000e+00	 2.500000e-01	 0	
359	 0	 0	 1	1.600000e+00	 3.000000e-01	 0	
360	 0	 0	 1	1.600000e+00	 3.500000e-01	 0	
361	 0	 0	 1	1.600000e+00	 4.000000e-01	 0	
362	 0	 0	 1	1.600000e+00	 4.500000e-01	 0	
363	 0	 0	 1	1.600000e+00	 5.000000e-01	 0	
364	 0	 0	 1	1.650000e+00	 0	 0	
365	 0	 0	 1	1.650000e+00	 5.000000e-02	 0	
366	 0	 0	 1	1.650000e+00	 1.000000e-01	 0	
367	 0	 0	 1	1.650000e+00	 1.500000e-01	 0	
368	 0	 0	 1	1.650000e+00	 2.000000e-01	 0	
369	 0	 0	 1	1.650000e+00	 2.500000e-01	 0	
370	 0	 0	 1	1.650000e+00	 3.000000e-01	 0	
371	 0	 0	 1	1.650000e+00	 3.500000e-01	 0	
372	 0	 0	 1	1.650000e+00	 4.000000e-01	 0	
373	 0	 0	 1	1.650000e+00	 4.500000e-01	 0	
374	 0	 0	 1	1.650000e+00	 5.000000e-01	 0	
375	 0	 0	 1	1.700000e+00	 0	 0	
376	 0	 0	 1	1.700000e+00	 5.000000e-02	 0	
377	 0	 0	 1	1.700000e+00	 1.000000e-01	 0	
378	 0	 0	 1	1.700000e+00	 1.500000e-01	 0	
379	 0	 0	 1	1.700000e+00	 2.000000e-01	 0	
380	 0	 0	 1	1.700000e+00	 2.500000e-01	 0	
381	 0	 0	 1	1.700000e+00	 3.000000e-01	 0	
382	 0	 0	 1	1.700000e+00	 3.500000e-01	 0	
383	 0	 0	 1	1.700000e+00	 4.000000e-01	 0	
384	 0	 0	 1	1.700000e+00	 4.500000e-01	 0	
385	 0	 0	 1	1.700000e+00	 5.000000e-01	 0	
386	 0	 0	 1	1.750000e+00	 0	 0	
387	 0	 0	 1	1.750000e+00	 5.000000e-02	 0	
388	 0	 0	 1	1.750000e+00	 1.000000e-01	 0	
389	 0	 0	 1	1.750000e+00	 1.500000e-01	 0	
390	 0	 0	 1	1.750000e+00	 2.000000e-01	 0	
391	 0	 0	 1	1.750000e+00	 2.500000e-01	 0	
392	 0	 0	 1	1.750000e+00	 3.000000e-01	 0	
393	 0	 0	 1	1.750000e+00	 3.500000e-01	 0	
394	 0	 0	 1	1.750000e+00	 4.000000e-01	 0	
395	 0	 0	 1	1.750000e+00	 4.500000e-01	 0	
396	 0	 0	 1	1.750000e+00	 5.000000e-01	 0	
397	 0	 0	 1	1.800000e+00	 0	 0	
398	 0	 0	 1	1.800000e+00	 5.000000e-02	 0	
399	 0	 0	 1	1.800000e+00	 1.000000e-01	 0	
400	 0	 0	 1	1.800000e+00	 1.500000e-01	 0	
401	 0	 0	 1	1.800000e+00	 2.000000e-01	 0	
402	 0	 0	 1	1.800000e+00	 2.500000e-01	 0	
403	 0	 0	 1	1.800000e+00	 3.000000e-01	 0	
404	 0	 0	 1	1.800000e+00	 3.500000e-01	 0	
405	 0	 0	 1	1.800000e+00	 4.000000e-01	 0	
406	 0	 0	 1	1.800000e+00	 4.500000e-01	 0	
407	 0	 0	 1	1.800000e+00	 5.000000e-01	 0	
408	 0	 0	 1	1.850000e+00	 0	 0	
409	 0	 0	 1	1.850000e+00	 5.000000e-02	 0	
410	 0	 0	 1	1.850000e+00	 1.000000e-01	 0	
411	 0	 0	 1	1.850000e+00	 1.500000e-01	 0	
412	 0	 0	 1	1.850000e+00	 2.000000e-01	 0	
413	 0	 0	 1	1.850000e+00	 2.500000e-01	 0	
414	 0	 0	 1	1.850000e+00	 3.000000e-01	 0	
415	 0	 0	 1	1.850000e+00	 3.500000e-01	 0	
416	 0	 0	 1	1.850000e+00	 4.000000e-01	 0	
417	 0	 0	 1	1.850000e+00	 4.500000e-01	 0	
418	 0	 0	 1	1.850000e+00	 5.000000e-01	 0	
419	 0	 0	 1	1.900000e+00	 0	 0	
420	 0	 0	 1	1.900000e+00	 5.000000e-02	 0	
421	 0	 0	 1	1.900000e+00	 1.000000e-01	 0	
422	 0	 0	 1	1.900000e+00	 1.500000e-01	 0	
423	 0	 0	 1	1.900000e+00	 2.000000e-01	 0	
424	 0	 0	 1	1.900000e+00	 2.500000e-01	 0	
425	 0	 0	 1	1.900000e+00	 3.000000e-01	 0	
426	 0	 0	 1	1.900000e+00	 3.500000e-01	 0	
427	 0	 0	 1	1.900000e+00	 4.000000e-01	 0	
428	 0	 0	 1	1.900000e+00	 4.500000e-01	 0	
429	 0	 0	 1	1.900000e+00	 5.000000e-01	 0	
430	 0	 0	 1	1.950000e+00	 0	 0	
431	 0	 0	 1	1.950000e+00	 5.000000e-02	 0	
432	 0	 0	 1	1.950000e+00	 1.000000e-01	 0	
433	 0	 0	 1	1.950000e+00	 1.500000e-01	 0	
434	 0	 0	 1	1.950000e+00	 2.000000e-01	 0	
435	 0	 0	 1	1.950000e+00	 2.500000e-01	 0	
436	 0	 0	 1	1.950000e+00	 3.000000e-01	 0	
437	 0	 0	 1	1.950000e+00	 3.500000e-01	 0	
438	 0	 0	 1	1.950000e+00	 4.000000e-01	 0	
439	 0	 0	 1	1.950000e+00	 4.500000e-01	 0	
440	 0	 0	 1	1.950000e+00	 5.000000e-01	 0	
441	 0	 0	 1	2	 0	 0	
442	 0	 0	 1	2	 5.000000e-02	 0	
443	 0	 0	 1	2	 1.000000e-01	 0	
444	 0	 0	 1	2	 1.500000e-01	 0	
445	 0	 0	 1	2	 2.000000e-01	 0	
446	 0	 0	 1	2	 2.500000e-01	 0	
447	 0	 0	 1	2	 3.000000e-01	 0	
448	 0	 0	 1	2	 3.500000e-01	 0	
449	 0	 0	 1	2	 4.000000e-01	 0	
450	 0	 0	 1	2	 4.500000e-01	 0	
451	 0	 0	 1	2	 5.000000e-01	 0	
1	 1	 2	 13	 12	 1	
2	 2	 3	 14	 13	 1	
3	 3	 4	 15	 14	 1	
4	 4	 5	 16	 15	 1	
5	 5	 6	 17	 16	 1	
6	 6	 7	 18	 17	 1	
7	 7	 8	 19	 18	 1	
8	 8	 9	 20	 19	 1	
9	 9	 10	 21	 20	 1	
10	 10	 11	 22	 21	 1	
11	 12	 13	 24	 23	 1	
12	 13	 14	 25	 24	 1	
13	 14	 15	 26	 25	 1	
14	 15	 16	 27	 26	 1	
15	 16	 17	 28	 27	 1	
16	 17	 18	 29	 28	 1	
17	 18	 19	 30	 29	 1	
18	 19	 20	 31	 30	 1	
19	 20	 21	 32	 31	 1	
20	 21	 22	 33	 32	 1	
21	 23	 24	 35	 34	 1	
22	 24	 25	 36	 35	 1	
23	 25	 26	 37	 36	 1	
24	 26	 27	 38	 37	 1	
25	 27	 28	 39	 38	 1	
26	 28	 29	 40	 39	 1	
27	 29	 30	 41	 40	 1	
28	 30	 31	 42	 41	 1	
29	 31	 32	 43	 42	 1	
30	 32	 33	 44	 43	 1	
31	 34	 35	 46	 45	 1	
32	 35	 36	 47	 46	 1	
33	 36	 37	 48	 47	 1	
34	 37	 38	 49	 48	 1	
35	 38	 39	 50	 49	 1	
36	 39	 40	 51	 50	 1	
37	 40	 41	 52	 51	 1	
38	 41	 42	 53	 52	 1	
39	 42	 43	 54	 53	 1	
40	 43	 44	 55	 54	 1	
41	 45	 46	 57	 56	 1	
42	 46	 47	 58	 57	 1	
43	 47	 48	 59	 58	 1	
44	 48	 49	 60	 59	 1	
45	 49	 50	 61	 60	 1	
46	 50	 51	 62	 61	 1	
47	 51	 52	 63	 62	 1	
48	 52	 53	 64	 63	 1	
49	 53	 54	 65	 64	 1	
50	 54	 55	 66	 65	 1	
51	 56	 57	 68	 67	 1	
52	 57	 58	 69	 68	 1	
53	 58	 59	 70	 69	 1	
54	 59	 60	 71	 70	 1	
55	 60	 61	 72	 71	 1	
56	 61	 62	 73	 72	 1	
57	 62	 63	 74	 73	 1	
58	 63	 64	 75	 74	 1	
59	 64	 65	 76	 75	 1	
60	 65	 66	 77	 76	 1	
61	 67	 68	 79	 78	 1	
62	 68	 69	 80	 79	 1	
63	 69	 70	 81	 80	 1	
64	 70	 71	 82	 81	 1	
65	 71	 72	 83	 82	 1	
66	 72	 73	 84	 83	 1	
67	 73	 74	 85	 84	 1	
68	 74	 75	 86	 85	 1	
69	 75	 76	 87	 86	 1	
70	 76	 77	 88	 87	 1	
71	 78	 79	 90	 89	 1	
72	 79	 80	 91	 90	 1	
73	 80	 81	 92	 91	 1	
74	 81	 82	 93	 92	 1	
75	 82	 83	 94	 93	 1	
76	 83	 84	 95	 94	 1	
77	 84	 85	 96	 95	 1	
78	 85	 86	 97	 96	 1	
79	 86	 87	 98	 97	 1	
80	 87	 88	 99	 98	 1	
81	 89	 90	 101	 100	 1	
82	 90	 91	 102	 101	 1	
83	 91	 92	 103	 102	 1	
84	 92	 93	 104	 103	 1	
85	 93	 94	 105	 104	 1	
86	 94	 95	 106	 105	 1	
87	 95	 96	 107	 106	 1	
88	 96	 97	 108	 107	 1	
89	 97	 98	 109	 108	 1	
90	 98	 99	 110	 109	 1	
91	 100	 101	 112	 111	 1	
92	 101	 102	 113	 112	 1	
93	 102	 103	 114	 113	 1	
94	 103	 104	 115	 114	 1	
95	 104	 105	 116	 115	 1	
96	 105	 106	 117	 116	 1	
97	 106	 107	 118	 117	 1	
98	 107	 108	 119	 118	 1	
99	 108	 109	 120	 119	 1	
100	 109	 110	 121	 120	 1	
101	 111	 112	 123	 122	 1	
102	 112	 113	 124	 123	 1	
103	 113	 114	 125	 124	 1	
104	 114	 115	 126	 125	 1	
105	 115	 116	 127	 126	 1	
106	 116	 117	 128	 127	 1	
107	 117	 118	 129	 128	 1	
108	 118	 119	 130	 129	 1	
109	 119	 120	 131	 130	 1	
110	 120	 121	 132	 131	 1	
111	 122	 123	 134	 133	 1	
112	 123	 124	 135	 134	 1	
113	 124	 125	 136	 135	 1	
114	 125	 126	 137	 136	 1	
115	 126	 127	 138	 137	 1	
116	 127	 128	 139	 138	 1	
117	 128	 129	 140	 139	 1	
118	 129	 130	 141	 140	 1	
119	 130	 131	 142	 141	 1	
120	 131	 132	 143	 142	 1	
121	 133	 134	 145	 144	 1	
122	 134	 135	 146	 145	 1	
123	 135	 136	 147	 146	 1	
124	 136	 137	 148	 147	 1	
125	 137	 138	 149	 148	 1	
126	 138	 139	 150	 149	 1	
127	 139	 140	 151	 150	 1	
128	 140	 141	 152	 151	 1	
129	 141	 142	 153	 152	 1	
130	 142	 143	 154	 153	 1	
131	 144	 145	 156	 155	 1	
132	 145	 146	 157	 156	 1	
133	 146	 147	 158	 157	 1	
134	 147	 148	 159	 158	 1	
135	 148	 149	 160	 159	 1	
136	 149	 150	 161	 160	 1	
137	 150	 151	 162	 161	 1	
138	 151	 152	 163	 162	 1	
139	 152	 153	 164	 163	 1	
140	 153	 154	 165	 164	 1	
141	 155	 156	 167	 166	 1	
142	 156	 157	 168	 167	 1	
143	 157	 158	 169	 168	 1	
144	 158	 159	 170	 169	 1	
145	 159	 160	 171	 170	 1	
146	 160	 161	 172	 171	 1	
147	 161	 162	 173	 172	 1	
148	 162	 163	 174	 173	 1	
149	 163	 164	 175	 174	 1	
150	 164	 165	 176	 175	 1	
151	 166	 167	 178	 177	 1	
152	 167	 168	 179	 178	 1	
153	 168	 169	 180	 179	 1	
154	 169	 170	 181	 180	 1	
155	 170	 171	 182	 181	 1	
156	 171	 172	 183	 182	 1	
157	 172	 173	 184	 183	 1	
158	 173	 174	 185	 184	 1	
159	 174	 175	 186	 185	 1	
160	 175	 176	 187	 186	 1	
161	 177	 178	 189	 188	 1	
162	 178	 179	 190	 189	 1	
163	 179	 180	 191	 190	 1	
164	 180	 181	 192	 191	 1	
165	 181	 182	 193	 192	 1	
166	 182	 183	 194	 193	 1	
167	 183	 184	 195	 194	 1	
168	 184	 185	 196	 195	 1	
169	 185	 186	 197	 196	 1	
170	 186	 187	 198	 197	 1	
171	 188	 189	 200	 199	 1	
172	 189	 190	 201	 200	 1	
173	 190	 191	 202	 201	 1	
174	 191	 192	 203	 202	 1	
175	 192	 193	 204	 203	 1	
176	 193	 194	 205	 204	 1	
177	 194	 195	 206	 205	 1	
178	 195	 196	 207	 206	 1	
179	 196	 197	 208	 207	 1	
180	 197	 198	 209	 208	 1	
181	 199	 200	 211	 210	 1	
182	 200	 201	 212	 211	 1	
183	 201	 202	 213	 212	 1	
184	 202	 203	 214	 213	 1	
185	 203	 204	 215	 214	 1	
186	 204	 205	 216	 215	 1	
187	 205	 206	 217	 216	 1	
188	 206	 207	 218	 217	 1	
189	 207	 208	 219	 218	 1	
190	 208	 209	 220	 219	 1	
191	 210	 211	 222	 221	 1	
192	 211	 212	 223	 222	 1	
193	 212	 213	 224	 223	 1	
194	 213	 214	 225	 224	 1	
195	 214	 215	 226	 225	 1	
196	 215	 216	 227	 226	 1	
197	 216	 217	 228	 227	 1	
198	 217	 218	 229	 228	 1	
199	 218	 219	 230	 229	 1	
200	 219	 220	 231	 230	 1	
201	 221	 222	 233	 232	 1	
202	 222	 223	 234	 233	 1	
203	 223	 224	 235	 234	 1	
204	 224	 225	 236	 235	 1	
205	 225	 226	 237	 236	 1	
206	 226	 227	 238	 237	 1	
207	 227	 228	 239	 238	 1	
208	 228	 229	 240	 239	 1	
209	 229	 230	 241	 240	 1	
210	 230	 231	 242	 241	 1	
211	 232	 233	 244	 243	 1	
212	 233	 234	 245	 244	 1	
213	 234	 235	 246	 245	 1	
214	 235	 236	 247	 246	 1	
215	 236	 237	 248	 247	 1	
216	 237	 238	 249	 248	 1	
217	 238	 239	 250	 249	 1	
218	 239	 240	 251	 250	 1	
219	 240	 241	 252	 251	 1	
220	 241	 242	 253	 252	 1	
221	 243	 244	 255	 254	 1	
222	 244	 245	 256	 255	 1	
223	 245	 246	 257	 256	 1	
224	 246	 247	 258	 257	 1	
225	 247	 248	 259	 258	 1	
226	 248	 249	 260	 259	 1	
227	 249	 250	 261	 260	 1	
228	 250	 251	 262	 261	 1	
229	 251	 252	 263	 262	 1	
230	 252	 253	 264	 263	 1	
231	 254	 255	 266	 265	 1	
232	 255	 256	 267	 266	 1	
233	 256	 257	 268	 267	 1	
234	 257	 258	 269	 268	 1	
235	 258	 259	 270	 269	 1	
236	 259	 260	 271	 270	 1	
237	 260	 261	 272	 271	 1	
238	 261	 262	 273	 272	 1	
239	 262	 263	 274	 273	 1	
240	 263	 264	 275	 274	 1	
241	 265	 266	 277	 276	 1	
242	 266	 267	 278	 277	 1	
243	 267	 268	 279	 278	 1	
244	 268	 269	 280	 279	 1	
245	 269	 270	 281	 280	 1	
246	 270	 271	 282	 281	 1	
247	 271	 272	 283	 282	 1	
248	 272	 273	 284	 283	 1	
249	 273	 274	 285	 284	 1	
250	 274	 275	 286	 285	 1	
251	 276	 277	 288	 287	 1	
252	 277	 278	 289	 288	 1	
253	 278	 279	 290	 289	 1	
254	 279	 280	 291	 290	 1	
255	 280	 281	 292	 291	 1	
256	 281	 282	 293	 292	 1	
257	 282	 283	 294	 293	 1	
258	 283	 284	 295	 294	 1	
259	 284	 285	 296	 295	 1	
260	 285	 286	 297	 296	 1	
261	 287	 288	 299	 298	 1	
262	 288	 289	 300	 299	 1	
263	 289	 290	 301	 300	 1	
264	 290	 291	 302	 301	 1	
265	 291	 292	 303	 302	 1	
266	 292	 293	 304	 303	 1	
267	 293	 294	 305	 304	 1	
268	 294	 295	 306	 305	 1	
269	 295	 296	 307	 306	 1	
270	 296	 297	 308	 307	 1	
271	 298	 299	 310	 309	 1	
272	 299	 300	 311	 310	 1	
273	 300	 301	 312	 311	 1	
274	 301	 302	 313	 312	 1	
275	 302	 303	 314	 313	 1	
276	 303	 304	 315	 314	 1	
277	 304	 305	 316	 315	 1	
278	 305	 306	 317	 316	 1	
279	 306	 307	 318	 317	 1	
280	 307	 308	 319	 318	 1	
281	 309	 310	 321	 320	 1	
282	 310	 311	 322	 321	 1	
283	 311	 312	 323	 322	 1	
284	 312	 313	 324	 323	 1	
285	 313	 314	 325	 324	 1	
286	 314	 315	 326	 325	 1	
287	 315	 316	 327	 326	 1	
288	 316	 317	 328	 327	 1	
289	 317	 318	 329	 328	 1	
290	 318	 319	 330	 329	 1	
291	 320	 321	 332	 331	 1	
292	 321	 322	 333	 332	 1	
293	 322	 323	 334	 333	 1	
294	 323	 324	 335	 334	 1	
295	 324	 325	 336	 335	 1	
296	 325	 326	 337	 336	 1	
297	 326	 327	 338	 337	 1	
298	 327	 328	 339	 338	 1	
299	 328	 329	 340	 339	 1	
300	 329	 330	 341	 340	 1	
301	 331	 332	 343	 342	 1	
302	 332	 333	 344	 343	 1	
303	 333	 334	 345	 344	 1	
304	 334	 335	 346	 345	 1	
305	 335	 336	 347	 346	 1	
306	 336	 337	 348	 347	 1	
307	 337	 338	 349	 348	 1	
308	 338	 339	 350	 349	 1	
309	 339	 340	 351	 350	 1	
310	 340	 341	 352	 351	 1	
311	 342	 343	 354	 353	 1	
312	 343	 344	 355	 354	 1	
313	 344	 345	 356	 355	 1	
314	 345	 346	 357	 356	 1	
315	 346	 347	 358	 357	 1	
316	 347	 348	 359	 358	 1	
317	 348	 349	 360	 359	 1	
318	 349	 350	 361	 360	 1	
319	 350	 351	 362	 361	 1	
320	 351	 352	 363	 362	 1	
321	 353	 354	 365	 364	 1	
322	 354	 355	 366	 365	 1	
323	 355	 356	 367	 366	 1	
324	 356	 357	 368	 367	 1	
325	 357	 358	 369	 368	 1	
326	 358	 359	 370	 369	 1	
327	 359	 360	 371	 370	 1	
328	 360	 361	 372	 371	 1	
329	 361	 362	 373	 372	 1	
330	 362	 363	 374	 373	 1	
331	 364	 365	 376	 375	 1	
332	 365	 366	 377	 376	 1	
333	 366	 367	 378	 377	 1	
334	 367	 368	 379	 378	 1	
335	 368	 369	 380	 379	 1	
336	 369	 370	 381	 380	 1	
337	 370	 371	 382	 381	 1	
338	 371	 372	 383	 382	 1	
339	 372	 373	 384	 383	 1	
340	 373	 374	 385	 384	 1	
341	 375	 376	 387	 386	 1	
342	 376	 377	 388	 387	 1	
343	 377	 378	 389	 388	 1	
344	 378	 379	 390	 389	 1	
345	 379	 380	 391	 390	 1	
346	 380	 381	 392	 391	 1	
347	 381	 382	 393	 392	 1	
348	 382	 383	 394	 393	 1	
349	 383	 384	 395	 394	 1	
350	 384	 385	 396	 395	 1	
351	 386	 387	 398	 397	 1	
352	 387	 388	 399	 398	 1	
353	 388	 389	 400	 399	 1	
354	 389	 390	 401	 400	 1	
355	 390	 391	 402	 401	 1	
356	 391	 392	 403	 402	 1	
357	 392	 393	 404	 403	 1	
358	 393	 394	 405	 404	 1	
359	 394	 395	 406	 405	 1	
360	 395	 396	 407	 406	 1	
361	 397	 398	 409	 408	 1	
362	 398	 399	 410	 409	 1	
363	 399	 400	 411	 410	 1	
364	 400	 401	 412	 411	 1	
365	 401	 402	 413	 412	 1	
366	 402	 403	 414	 413	 1	
367	 403	 404	 415	 414	 1	
368	 404	 405	 416	 415	 1	
369	 405	 406	 417	 416	 1	
370	 406	 407	 418	 417	 1	
371	 408	 409	 420	 419	 1	
372	 409	 410	 421	 420	 1	
373	 410	 411	 422	 421	 1	
374	 411	 412	 423	 422	 1	
375	 412	 413	 424	 423	 1	
376	 413	 414	 425	 424	 1	
377	 414	 415	 426	 425	 1	
378	 415	 416	 427	 426	 1	
379	 416	 417	 428	 427	 1	
380	 417	 418	 429	 428	 1	
381	 419	 420	 431	 430	 1	
382	 420	 421	 432	 431	 1	
383	 421	 422	 433	 432	 1	
384	 422	 423	 434	 433	 1	
385	 423	 424	 435	 434	 1	
386	 424	 425	 436	 435	 1	
387	 425	 426	 437	 436	 1	
388	 426	 427	 438	 437	 1	
389	 427	 428	 439	 438	 1	
390	 428	 429	 440	 439	 1	
391	 430	 431	 442	 441	 1	
392	 431	 432	 443	 442	 1	
393	 432	 433	 444	 443	 1	
394	 433	 434	 445	 444	 1	
395	 434	 435	 446	 445	 1	
396	 435	 436	 447	 446	 1	
397	 436	 437	 448	 447	 1	
398	 437	 438	 449	 448	 1	
399	 438	 439	 450	 449	 1	
400	 439	 440	 451	 450	 1	
