TITLE = "CAX8R_SPHERE"
VARIABLES =    "X"   "Y"   "Z" "DIS"

     10.0000      0.0000      0.0000      0.0000
     10.5000      0.0000      0.0000      0.0000
     11.0000      0.0000      0.0000      0.0000
     11.5000      0.0000      0.0000      0.0000
     12.0000      0.0000      0.0000      0.0000
     12.5000      0.0000      0.0000      0.0000
     13.0000      0.0000      0.0000      0.0000
     13.5000      0.0000      0.0000      0.0000
     14.0000      0.0000      0.0000      0.0000
     14.5000      0.0000      0.0000      0.0000
     15.0000      0.0000      0.0000      0.0000
     15.5000      0.0000      0.0000      0.0000
     16.0000      0.0000      0.0000      0.0000
     16.5000      0.0000      0.0000      0.0000
     17.0000      0.0000      0.0000      0.0000
     17.5000      0.0000      0.0000      0.0000
     18.0000      0.0000      0.0000      0.0000
     18.5000      0.0000      0.0000      0.0000
     19.0000      0.0000      0.0000      0.0000
     19.5000      0.0000      0.0000      0.0000
     20.0000      0.0000      0.0000      0.0000
      9.9923      0.3926      0.0000      0.0000
     10.9915      0.4319      0.0000      0.0000
     11.9907      0.4711      0.0000      0.0000
     12.9900      0.5104      0.0000      0.0000
     13.9892      0.5496      0.0000      0.0000
     14.9884      0.5889      0.0000      0.0000
     15.9877      0.6282      0.0000      0.0000
     16.9869      0.6674      0.0000      0.0000
     17.9861      0.7067      0.0000      0.0000
     18.9854      0.7459      0.0000      0.0000
     19.9846      0.7852      0.0000      0.0000
      9.9692      0.7846      0.0000      0.0000
     10.4676      0.8238      0.0000      0.0000
     10.9661      0.8631      0.0000      0.0000
     11.4645      0.9023      0.0000      0.0000
     11.9630      0.9415      0.0000      0.0000
     12.4615      0.9807      0.0000      0.0000
     12.9599      1.0200      0.0000      0.0000
     13.4584      1.0592      0.0000      0.0000
     13.9568      1.0984      0.0000      0.0000
     14.4553      1.1377      0.0000      0.0000
     14.9538      1.1769      0.0000      0.0000
     15.4522      1.2161      0.0000      0.0000
     15.9507      1.2553      0.0000      0.0000
     16.4491      1.2946      0.0000      0.0000
     16.9476      1.3338      0.0000      0.0000
     17.4461      1.3730      0.0000      0.0000
     17.9445      1.4123      0.0000      0.0000
     18.4430      1.4515      0.0000      0.0000
     18.9414      1.4907      0.0000      0.0000
     19.4399      1.5300      0.0000      0.0000
     19.9383      1.5692      0.0000      0.0000
      9.9307      1.1754      0.0000      0.0000
     10.9238      1.2929      0.0000      0.0000
     11.9168      1.4104      0.0000      0.0000
     12.9099      1.5280      0.0000      0.0000
     13.9030      1.6455      0.0000      0.0000
     14.8960      1.7631      0.0000      0.0000
     15.8891      1.8806      0.0000      0.0000
     16.8822      1.9981      0.0000      0.0000
     17.8752      2.1157      0.0000      0.0000
     18.8683      2.2332      0.0000      0.0000
     19.8614      2.3507      0.0000      0.0000
      9.8769      1.5643      0.0000      0.0000
     10.3707      1.6426      0.0000      0.0000
     10.8646      1.7208      0.0000      0.0000
     11.3584      1.7990      0.0000      0.0000
     11.8523      1.8772      0.0000      0.0000
     12.3461      1.9554      0.0000      0.0000
     12.8399      2.0336      0.0000      0.0000
     13.3338      2.1119      0.0000      0.0000
     13.8276      2.1901      0.0000      0.0000
     14.3215      2.2683      0.0000      0.0000
     14.8153      2.3465      0.0000      0.0000
     15.3092      2.4247      0.0000      0.0000
     15.8030      2.5030      0.0000      0.0000
     16.2969      2.5812      0.0000      0.0000
     16.7907      2.6594      0.0000      0.0000
     17.2845      2.7376      0.0000      0.0000
     17.7784      2.8158      0.0000      0.0000
     18.2722      2.8940      0.0000      0.0000
     18.7661      2.9723      0.0000      0.0000
     19.2599      3.0505      0.0000      0.0000
     19.7538      3.1287      0.0000      0.0000
      9.8079      1.9509      0.0000      0.0000
     10.7886      2.1460      0.0000      0.0000
     11.7694      2.3411      0.0000      0.0000
     12.7502      2.5362      0.0000      0.0000
     13.7310      2.7313      0.0000      0.0000
     14.7118      2.9264      0.0000      0.0000
     15.6926      3.1214      0.0000      0.0000
     16.6733      3.3165      0.0000      0.0000
     17.6541      3.5116      0.0000      0.0000
     18.6349      3.7067      0.0000      0.0000
     19.6157      3.9018      0.0000      0.0000
      9.7237      2.3345      0.0000      0.0000
     10.2099      2.4512      0.0000      0.0000
     10.6961      2.5679      0.0000      0.0000
     11.1823      2.6846      0.0000      0.0000
     11.6684      2.8013      0.0000      0.0000
     12.1546      2.9181      0.0000      0.0000
     12.6408      3.0348      0.0000      0.0000
     13.1270      3.1515      0.0000      0.0000
     13.6132      3.2682      0.0000      0.0000
     14.0994      3.3850      0.0000      0.0000
     14.5855      3.5017      0.0000      0.0000
     15.0717      3.6184      0.0000      0.0000
     15.5579      3.7351      0.0000      0.0000
     16.0441      3.8518      0.0000      0.0000
     16.5303      3.9686      0.0000      0.0000
     17.0165      4.0853      0.0000      0.0000
     17.5027      4.2020      0.0000      0.0000
     17.9888      4.3187      0.0000      0.0000
     18.4750      4.4355      0.0000      0.0000
     18.9612      4.5522      0.0000      0.0000
     19.4474      4.6689      0.0000      0.0000
      9.6246      2.7144      0.0000      0.0000
     10.5870      2.9858      0.0000      0.0000
     11.5495      3.2573      0.0000      0.0000
     12.5119      3.5287      0.0000      0.0000
     13.4744      3.8002      0.0000      0.0000
     14.4368      4.0716      0.0000      0.0000
     15.3993      4.3430      0.0000      0.0000
     16.3617      4.6145      0.0000      0.0000
     17.3242      4.8859      0.0000      0.0000
     18.2866      5.1574      0.0000      0.0000
     19.2491      5.4288      0.0000      0.0000
      9.5106      3.0902      0.0000      0.0000
      9.9861      3.2447      0.0000      0.0000
     10.4616      3.3992      0.0000      0.0000
     10.9371      3.5537      0.0000      0.0000
     11.4127      3.7082      0.0000      0.0000
     11.8882      3.8627      0.0000      0.0000
     12.3637      4.0172      0.0000      0.0000
     12.8393      4.1717      0.0000      0.0000
     13.3148      4.3262      0.0000      0.0000
     13.7903      4.4807      0.0000      0.0000
     14.2658      4.6353      0.0000      0.0000
     14.7414      4.7898      0.0000      0.0000
     15.2169      4.9443      0.0000      0.0000
     15.6924      5.0988      0.0000      0.0000
     16.1680      5.2533      0.0000      0.0000
     16.6435      5.4078      0.0000      0.0000
     17.1190      5.5623      0.0000      0.0000
     17.5945      5.7168      0.0000      0.0000
     18.0701      5.8713      0.0000      0.0000
     18.5456      6.0258      0.0000      0.0000
     19.0211      6.1803      0.0000      0.0000
      9.3819      3.4612      0.0000      0.0000
     10.3201      3.8073      0.0000      0.0000
     11.2583      4.1534      0.0000      0.0000
     12.1965      4.4995      0.0000      0.0000
     13.1347      4.8456      0.0000      0.0000
     14.0729      5.1918      0.0000      0.0000
     15.0111      5.5379      0.0000      0.0000
     15.9493      5.8840      0.0000      0.0000
     16.8874      6.2301      0.0000      0.0000
     17.8256      6.5762      0.0000      0.0000
     18.7638      6.9223      0.0000      0.0000
      9.2388      3.8268      0.0000      0.0000
      9.7007      4.0182      0.0000      0.0000
     10.1627      4.2095      0.0000      0.0000
     10.6246      4.4009      0.0000      0.0000
     11.0866      4.5922      0.0000      0.0000
     11.5485      4.7835      0.0000      0.0000
     12.0104      4.9749      0.0000      0.0000
     12.4724      5.1662      0.0000      0.0000
     12.9343      5.3576      0.0000      0.0000
     13.3963      5.5489      0.0000      0.0000
     13.8582      5.7403      0.0000      0.0000
     14.3201      5.9316      0.0000      0.0000
     14.7821      6.1229      0.0000      0.0000
     15.2440      6.3143      0.0000      0.0000
     15.7060      6.5056      0.0000      0.0000
     16.1679      6.6970      0.0000      0.0000
     16.6298      6.8883      0.0000      0.0000
     17.0918      7.0796      0.0000      0.0000
     17.5537      7.2710      0.0000      0.0000
     18.0157      7.4623      0.0000      0.0000
     18.4776      7.6537      0.0000      0.0000
      9.0814      4.1866      0.0000      0.0000
      9.9896      4.6053      0.0000      0.0000
     10.8977      5.0239      0.0000      0.0000
     11.8059      5.4426      0.0000      0.0000
     12.7140      5.8612      0.0000      0.0000
     13.6221      6.2799      0.0000      0.0000
     14.5303      6.6986      0.0000      0.0000
     15.4384      7.1172      0.0000      0.0000
     16.3466      7.5359      0.0000      0.0000
     17.2547      7.9545      0.0000      0.0000
     18.1629      8.3732      0.0000      0.0000
      8.9101      4.5399      0.0000      0.0000
      9.3556      4.7669      0.0000      0.0000
      9.8011      4.9939      0.0000      0.0000
     10.2466      5.2209      0.0000      0.0000
     10.6921      5.4479      0.0000      0.0000
     11.1376      5.6749      0.0000      0.0000
     11.5831      5.9019      0.0000      0.0000
     12.0286      6.1289      0.0000      0.0000
     12.4741      6.3559      0.0000      0.0000
     12.9196      6.5829      0.0000      0.0000
     13.3651      6.8099      0.0000      0.0000
     13.8106      7.0369      0.0000      0.0000
     14.2561      7.2638      0.0000      0.0000
     14.7016      7.4908      0.0000      0.0000
     15.1471      7.7178      0.0000      0.0000
     15.5926      7.9448      0.0000      0.0000
     16.0381      8.1718      0.0000      0.0000
     16.4836      8.3988      0.0000      0.0000
     16.9291      8.6258      0.0000      0.0000
     17.3746      8.8528      0.0000      0.0000
     17.8201      9.0798      0.0000      0.0000
      8.7250      4.8862      0.0000      0.0000
      9.5975      5.3748      0.0000      0.0000
     10.4700      5.8635      0.0000      0.0000
     11.3424      6.3521      0.0000      0.0000
     12.2149      6.8407      0.0000      0.0000
     13.0874      7.3293      0.0000      0.0000
     13.9599      7.8179      0.0000      0.0000
     14.8324      8.3066      0.0000      0.0000
     15.7049      8.7952      0.0000      0.0000
     16.5774      9.2838      0.0000      0.0000
     17.4499      9.7724      0.0000      0.0000
      8.5264      5.2250      0.0000      0.0000
      8.9527      5.4862      0.0000      0.0000
      9.3790      5.7475      0.0000      0.0000
      9.8054      6.0087      0.0000      0.0000
     10.2317      6.2700      0.0000      0.0000
     10.6580      6.5312      0.0000      0.0000
     11.0843      6.7925      0.0000      0.0000
     11.5106      7.0537      0.0000      0.0000
     11.9370      7.3150      0.0000      0.0000
     12.3633      7.5762      0.0000      0.0000
     12.7896      7.8375      0.0000      0.0000
     13.2159      8.0987      0.0000      0.0000
     13.6422      8.3600      0.0000      0.0000
     14.0686      8.6212      0.0000      0.0000
     14.4949      8.8825      0.0000      0.0000
     14.9212      9.1437      0.0000      0.0000
     15.3475      9.4050      0.0000      0.0000
     15.7738      9.6662      0.0000      0.0000
     16.2002      9.9275      0.0000      0.0000
     16.6265     10.1887      0.0000      0.0000
     17.0528     10.4500      0.0000      0.0000
      8.3147      5.5557      0.0000      0.0000
      9.1462      6.1113      0.0000      0.0000
      9.9776      6.6668      0.0000      0.0000
     10.8091      7.2224      0.0000      0.0000
     11.6406      7.7780      0.0000      0.0000
     12.4720      8.3336      0.0000      0.0000
     13.3035      8.8891      0.0000      0.0000
     14.1350      9.4447      0.0000      0.0000
     14.9665     10.0003      0.0000      0.0000
     15.7979     10.5558      0.0000      0.0000
     16.6294     11.1114      0.0000      0.0000
      8.0902      5.8779      0.0000      0.0000
      8.4947      6.1717      0.0000      0.0000
      8.8992      6.4656      0.0000      0.0000
      9.3037      6.7595      0.0000      0.0000
      9.7082      7.0534      0.0000      0.0000
     10.1127      7.3473      0.0000      0.0000
     10.5172      7.6412      0.0000      0.0000
     10.9217      7.9351      0.0000      0.0000
     11.3262      8.2290      0.0000      0.0000
     11.7307      8.5229      0.0000      0.0000
     12.1353      8.8168      0.0000      0.0000
     12.5398      9.1107      0.0000      0.0000
     12.9443      9.4046      0.0000      0.0000
     13.3488      9.6985      0.0000      0.0000
     13.7533      9.9923      0.0000      0.0000
     14.1578     10.2862      0.0000      0.0000
     14.5623     10.5801      0.0000      0.0000
     14.9668     10.8740      0.0000      0.0000
     15.3713     11.1679      0.0000      0.0000
     15.7758     11.4618      0.0000      0.0000
     16.1803     11.7557      0.0000      0.0000
      7.8532      6.1909      0.0000      0.0000
      8.6385      6.8100      0.0000      0.0000
      9.4238      7.4291      0.0000      0.0000
     10.2091      8.0482      0.0000      0.0000
     10.9944      8.6673      0.0000      0.0000
     11.7798      9.2864      0.0000      0.0000
     12.5651      9.9055      0.0000      0.0000
     13.3504     10.5246      0.0000      0.0000
     14.1357     11.1437      0.0000      0.0000
     14.9210     11.7628      0.0000      0.0000
     15.7063     12.3819      0.0000      0.0000
      7.6041      6.4945      0.0000      0.0000
      7.9843      6.8192      0.0000      0.0000
      8.3645      7.1439      0.0000      0.0000
      8.7447      7.4687      0.0000      0.0000
      9.1249      7.7934      0.0000      0.0000
      9.5051      8.1181      0.0000      0.0000
      9.8853      8.4428      0.0000      0.0000
     10.2655      8.7675      0.0000      0.0000
     10.6457      9.0923      0.0000      0.0000
     11.0259      9.4170      0.0000      0.0000
     11.4061      9.7417      0.0000      0.0000
     11.7863     10.0664      0.0000      0.0000
     12.1665     10.3912      0.0000      0.0000
     12.5467     10.7159      0.0000      0.0000
     12.9269     11.0406      0.0000      0.0000
     13.3071     11.3653      0.0000      0.0000
     13.6873     11.6901      0.0000      0.0000
     14.0675     12.0148      0.0000      0.0000
     14.4477     12.3395      0.0000      0.0000
     14.8279     12.6642      0.0000      0.0000
     15.2081     12.9890      0.0000      0.0000
      7.3432      6.7880      0.0000      0.0000
      8.0775      7.4668      0.0000      0.0000
      8.8119      8.1456      0.0000      0.0000
      9.5462      8.8244      0.0000      0.0000
     10.2805      9.5032      0.0000      0.0000
     11.0148     10.1820      0.0000      0.0000
     11.7492     10.8608      0.0000      0.0000
     12.4835     11.5396      0.0000      0.0000
     13.2178     12.2184      0.0000      0.0000
     13.9521     12.8972      0.0000      0.0000
     14.6865     13.5760      0.0000      0.0000
      7.0711      7.0711      0.0000      0.0000
      7.4246      7.4246      0.0000      0.0000
      7.7782      7.7782      0.0000      0.0000
      8.1317      8.1317      0.0000      0.0000
      8.4853      8.4853      0.0000      0.0000
      8.8388      8.8388      0.0000      0.0000
      9.1924      9.1924      0.0000      0.0000
      9.5459      9.5459      0.0000      0.0000
      9.8995      9.8995      0.0000      0.0000
     10.2530     10.2530      0.0000      0.0000
     10.6066     10.6066      0.0000      0.0000
     10.9602     10.9602      0.0000      0.0000
     11.3137     11.3137      0.0000      0.0000
     11.6673     11.6673      0.0000      0.0000
     12.0208     12.0208      0.0000      0.0000
     12.3744     12.3744      0.0000      0.0000
     12.7279     12.7279      0.0000      0.0000
     13.0815     13.0815      0.0000      0.0000
     13.4350     13.4350      0.0000      0.0000
     13.7886     13.7886      0.0000      0.0000
     14.1421     14.1421      0.0000      0.0000
      6.7880      7.3432      0.0000      0.0000
      7.4668      8.0775      0.0000      0.0000
      8.1456      8.8119      0.0000      0.0000
      8.8244      9.5462      0.0000      0.0000
      9.5032     10.2805      0.0000      0.0000
     10.1820     11.0148      0.0000      0.0000
     10.8608     11.7492      0.0000      0.0000
     11.5396     12.4835      0.0000      0.0000
     12.2184     13.2178      0.0000      0.0000
     12.8972     13.9521      0.0000      0.0000
     13.5760     14.6865      0.0000      0.0000
      6.4945      7.6041      0.0000      0.0000
      6.8192      7.9843      0.0000      0.0000
      7.1439      8.3645      0.0000      0.0000
      7.4687      8.7447      0.0000      0.0000
      7.7934      9.1249      0.0000      0.0000
      8.1181      9.5051      0.0000      0.0000
      8.4428      9.8853      0.0000      0.0000
      8.7675     10.2655      0.0000      0.0000
      9.0923     10.6457      0.0000      0.0000
      9.4170     11.0259      0.0000      0.0000
      9.7417     11.4061      0.0000      0.0000
     10.0664     11.7863      0.0000      0.0000
     10.3912     12.1665      0.0000      0.0000
     10.7159     12.5467      0.0000      0.0000
     11.0406     12.9269      0.0000      0.0000
     11.3653     13.3071      0.0000      0.0000
     11.6901     13.6873      0.0000      0.0000
     12.0148     14.0675      0.0000      0.0000
     12.3395     14.4477      0.0000      0.0000
     12.6642     14.8279      0.0000      0.0000
     12.9890     15.2081      0.0000      0.0000
      6.1909      7.8532      0.0000      0.0000
      6.8100      8.6385      0.0000      0.0000
      7.4291      9.4238      0.0000      0.0000
      8.0482     10.2091      0.0000      0.0000
      8.6673     10.9944      0.0000      0.0000
      9.2864     11.7798      0.0000      0.0000
      9.9055     12.5651      0.0000      0.0000
     10.5246     13.3504      0.0000      0.0000
     11.1437     14.1357      0.0000      0.0000
     11.7628     14.9210      0.0000      0.0000
     12.3819     15.7063      0.0000      0.0000
      5.8779      8.0902      0.0000      0.0000
      6.1717      8.4947      0.0000      0.0000
      6.4656      8.8992      0.0000      0.0000
      6.7595      9.3037      0.0000      0.0000
      7.0534      9.7082      0.0000      0.0000
      7.3473     10.1127      0.0000      0.0000
      7.6412     10.5172      0.0000      0.0000
      7.9351     10.9217      0.0000      0.0000
      8.2290     11.3262      0.0000      0.0000
      8.5229     11.7307      0.0000      0.0000
      8.8168     12.1353      0.0000      0.0000
      9.1107     12.5398      0.0000      0.0000
      9.4046     12.9443      0.0000      0.0000
      9.6985     13.3488      0.0000      0.0000
      9.9923     13.7533      0.0000      0.0000
     10.2862     14.1578      0.0000      0.0000
     10.5801     14.5623      0.0000      0.0000
     10.8740     14.9668      0.0000      0.0000
     11.1679     15.3713      0.0000      0.0000
     11.4618     15.7758      0.0000      0.0000
     11.7557     16.1803      0.0000      0.0000
      5.5557      8.3147      0.0000      0.0000
      6.1113      9.1462      0.0000      0.0000
      6.6668      9.9776      0.0000      0.0000
      7.2224     10.8091      0.0000      0.0000
      7.7780     11.6406      0.0000      0.0000
      8.3336     12.4720      0.0000      0.0000
      8.8891     13.3035      0.0000      0.0000
      9.4447     14.1350      0.0000      0.0000
     10.0003     14.9665      0.0000      0.0000
     10.5558     15.7979      0.0000      0.0000
     11.1114     16.6294      0.0000      0.0000
      5.2250      8.5264      0.0000      0.0000
      5.4862      8.9527      0.0000      0.0000
      5.7475      9.3790      0.0000      0.0000
      6.0087      9.8054      0.0000      0.0000
      6.2700     10.2317      0.0000      0.0000
      6.5312     10.6580      0.0000      0.0000
      6.7925     11.0843      0.0000      0.0000
      7.0537     11.5106      0.0000      0.0000
      7.3150     11.9370      0.0000      0.0000
      7.5762     12.3633      0.0000      0.0000
      7.8375     12.7896      0.0000      0.0000
      8.0987     13.2159      0.0000      0.0000
      8.3600     13.6422      0.0000      0.0000
      8.6212     14.0686      0.0000      0.0000
      8.8825     14.4949      0.0000      0.0000
      9.1437     14.9212      0.0000      0.0000
      9.4050     15.3475      0.0000      0.0000
      9.6662     15.7738      0.0000      0.0000
      9.9275     16.2002      0.0000      0.0000
     10.1887     16.6265      0.0000      0.0000
     10.4500     17.0528      0.0000      0.0000
      4.8862      8.7250      0.0000      0.0000
      5.3748      9.5975      0.0000      0.0000
      5.8635     10.4700      0.0000      0.0000
      6.3521     11.3424      0.0000      0.0000
      6.8407     12.2149      0.0000      0.0000
      7.3293     13.0874      0.0000      0.0000
      7.8179     13.9599      0.0000      0.0000
      8.3066     14.8324      0.0000      0.0000
      8.7952     15.7049      0.0000      0.0000
      9.2838     16.5774      0.0000      0.0000
      9.7724     17.4499      0.0000      0.0000
      4.5399      8.9101      0.0000      0.0000
      4.7669      9.3556      0.0000      0.0000
      4.9939      9.8011      0.0000      0.0000
      5.2209     10.2466      0.0000      0.0000
      5.4479     10.6921      0.0000      0.0000
      5.6749     11.1376      0.0000      0.0000
      5.9019     11.5831      0.0000      0.0000
      6.1289     12.0286      0.0000      0.0000
      6.3559     12.4741      0.0000      0.0000
      6.5829     12.9196      0.0000      0.0000
      6.8099     13.3651      0.0000      0.0000
      7.0369     13.8106      0.0000      0.0000
      7.2638     14.2561      0.0000      0.0000
      7.4908     14.7016      0.0000      0.0000
      7.7178     15.1471      0.0000      0.0000
      7.9448     15.5926      0.0000      0.0000
      8.1718     16.0381      0.0000      0.0000
      8.3988     16.4836      0.0000      0.0000
      8.6258     16.9291      0.0000      0.0000
      8.8528     17.3746      0.0000      0.0000
      9.0798     17.8201      0.0000      0.0000
      4.1866      9.0814      0.0000      0.0000
      4.6053      9.9896      0.0000      0.0000
      5.0239     10.8977      0.0000      0.0000
      5.4426     11.8059      0.0000      0.0000
      5.8612     12.7140      0.0000      0.0000
      6.2799     13.6221      0.0000      0.0000
      6.6986     14.5303      0.0000      0.0000
      7.1172     15.4384      0.0000      0.0000
      7.5359     16.3466      0.0000      0.0000
      7.9545     17.2547      0.0000      0.0000
      8.3732     18.1629      0.0000      0.0000
      3.8268      9.2388      0.0000      0.0000
      4.0182      9.7007      0.0000      0.0000
      4.2095     10.1627      0.0000      0.0000
      4.4009     10.6246      0.0000      0.0000
      4.5922     11.0866      0.0000      0.0000
      4.7835     11.5485      0.0000      0.0000
      4.9749     12.0104      0.0000      0.0000
      5.1662     12.4724      0.0000      0.0000
      5.3576     12.9343      0.0000      0.0000
      5.5489     13.3963      0.0000      0.0000
      5.7403     13.8582      0.0000      0.0000
      5.9316     14.3201      0.0000      0.0000
      6.1229     14.7821      0.0000      0.0000
      6.3143     15.2440      0.0000      0.0000
      6.5056     15.7060      0.0000      0.0000
      6.6970     16.1679      0.0000      0.0000
      6.8883     16.6298      0.0000      0.0000
      7.0796     17.0918      0.0000      0.0000
      7.2710     17.5537      0.0000      0.0000
      7.4623     18.0157      0.0000      0.0000
      7.6537     18.4776      0.0000      0.0000
      3.4612      9.3819      0.0000      0.0000
      3.8073     10.3201      0.0000      0.0000
      4.1534     11.2583      0.0000      0.0000
      4.4995     12.1965      0.0000      0.0000
      4.8456     13.1347      0.0000      0.0000
      5.1918     14.0729      0.0000      0.0000
      5.5379     15.0111      0.0000      0.0000
      5.8840     15.9493      0.0000      0.0000
      6.2301     16.8874      0.0000      0.0000
      6.5762     17.8256      0.0000      0.0000
      6.9223     18.7638      0.0000      0.0000
      3.0902      9.5106      0.0000      0.0000
      3.2447      9.9861      0.0000      0.0000
      3.3992     10.4616      0.0000      0.0000
      3.5537     10.9371      0.0000      0.0000
      3.7082     11.4127      0.0000      0.0000
      3.8627     11.8882      0.0000      0.0000
      4.0172     12.3637      0.0000      0.0000
      4.1717     12.8393      0.0000      0.0000
      4.3262     13.3148      0.0000      0.0000
      4.4807     13.7903      0.0000      0.0000
      4.6353     14.2658      0.0000      0.0000
      4.7898     14.7414      0.0000      0.0000
      4.9443     15.2169      0.0000      0.0000
      5.0988     15.6924      0.0000      0.0000
      5.2533     16.1680      0.0000      0.0000
      5.4078     16.6435      0.0000      0.0000
      5.5623     17.1190      0.0000      0.0000
      5.7168     17.5945      0.0000      0.0000
      5.8713     18.0701      0.0000      0.0000
      6.0258     18.5456      0.0000      0.0000
      6.1803     19.0211      0.0000      0.0000
      2.7144      9.6246      0.0000      0.0000
      2.9858     10.5870      0.0000      0.0000
      3.2573     11.5495      0.0000      0.0000
      3.5287     12.5119      0.0000      0.0000
      3.8002     13.4744      0.0000      0.0000
      4.0716     14.4368      0.0000      0.0000
      4.3430     15.3993      0.0000      0.0000
      4.6145     16.3617      0.0000      0.0000
      4.8859     17.3242      0.0000      0.0000
      5.1574     18.2866      0.0000      0.0000
      5.4288     19.2491      0.0000      0.0000
      2.3345      9.7237      0.0000      0.0000
      2.4512     10.2099      0.0000      0.0000
      2.5679     10.6961      0.0000      0.0000
      2.6846     11.1823      0.0000      0.0000
      2.8013     11.6684      0.0000      0.0000
      2.9181     12.1546      0.0000      0.0000
      3.0348     12.6408      0.0000      0.0000
      3.1515     13.1270      0.0000      0.0000
      3.2682     13.6132      0.0000      0.0000
      3.3850     14.0994      0.0000      0.0000
      3.5017     14.5855      0.0000      0.0000
      3.6184     15.0717      0.0000      0.0000
      3.7351     15.5579      0.0000      0.0000
      3.8518     16.0441      0.0000      0.0000
      3.9686     16.5303      0.0000      0.0000
      4.0853     17.0165      0.0000      0.0000
      4.2020     17.5027      0.0000      0.0000
      4.3187     17.9888      0.0000      0.0000
      4.4355     18.4750      0.0000      0.0000
      4.5522     18.9612      0.0000      0.0000
      4.6689     19.4474      0.0000      0.0000
      1.9509      9.8079      0.0000      0.0000
      2.1460     10.7886      0.0000      0.0000
      2.3411     11.7694      0.0000      0.0000
      2.5362     12.7502      0.0000      0.0000
      2.7313     13.7310      0.0000      0.0000
      2.9264     14.7118      0.0000      0.0000
      3.1214     15.6926      0.0000      0.0000
      3.3165     16.6733      0.0000      0.0000
      3.5116     17.6541      0.0000      0.0000
      3.7067     18.6349      0.0000      0.0000
      3.9018     19.6157      0.0000      0.0000
      1.5643      9.8769      0.0000      0.0000
      1.6426     10.3707      0.0000      0.0000
      1.7208     10.8646      0.0000      0.0000
      1.7990     11.3584      0.0000      0.0000
      1.8772     11.8523      0.0000      0.0000
      1.9554     12.3461      0.0000      0.0000
      2.0336     12.8399      0.0000      0.0000
      2.1119     13.3338      0.0000      0.0000
      2.1901     13.8276      0.0000      0.0000
      2.2683     14.3215      0.0000      0.0000
      2.3465     14.8153      0.0000      0.0000
      2.4247     15.3092      0.0000      0.0000
      2.5030     15.8030      0.0000      0.0000
      2.5812     16.2969      0.0000      0.0000
      2.6594     16.7907      0.0000      0.0000
      2.7376     17.2845      0.0000      0.0000
      2.8158     17.7784      0.0000      0.0000
      2.8940     18.2722      0.0000      0.0000
      2.9723     18.7661      0.0000      0.0000
      3.0505     19.2599      0.0000      0.0000
      3.1287     19.7538      0.0000      0.0000
      1.1754      9.9307      0.0000      0.0000
      1.2929     10.9238      0.0000      0.0000
      1.4104     11.9168      0.0000      0.0000
      1.5280     12.9099      0.0000      0.0000
      1.6455     13.9030      0.0000      0.0000
      1.7631     14.8960      0.0000      0.0000
      1.8806     15.8891      0.0000      0.0000
      1.9981     16.8822      0.0000      0.0000
      2.1157     17.8752      0.0000      0.0000
      2.2332     18.8683      0.0000      0.0000
      2.3507     19.8614      0.0000      0.0000
      0.7846      9.9692      0.0000      0.0000
      0.8238     10.4676      0.0000      0.0000
      0.8631     10.9661      0.0000      0.0000
      0.9023     11.4645      0.0000      0.0000
      0.9415     11.9630      0.0000      0.0000
      0.9807     12.4615      0.0000      0.0000
      1.0200     12.9599      0.0000      0.0000
      1.0592     13.4584      0.0000      0.0000
      1.0984     13.9568      0.0000      0.0000
      1.1377     14.4553      0.0000      0.0000
      1.1769     14.9538      0.0000      0.0000
      1.2161     15.4522      0.0000      0.0000
      1.2553     15.9507      0.0000      0.0000
      1.2946     16.4491      0.0000      0.0000
      1.3338     16.9476      0.0000      0.0000
      1.3730     17.4461      0.0000      0.0000
      1.4123     17.9445      0.0000      0.0000
      1.4515     18.4430      0.0000      0.0000
      1.4907     18.9414      0.0000      0.0000
      1.5300     19.4399      0.0000      0.0000
      1.5692     19.9383      0.0000      0.0000
      0.3926      9.9923      0.0000      0.0000
      0.4319     10.9915      0.0000      0.0000
      0.4711     11.9907      0.0000      0.0000
      0.5104     12.9900      0.0000      0.0000
      0.5496     13.9892      0.0000      0.0000
      0.5889     14.9884      0.0000      0.0000
      0.6282     15.9877      0.0000      0.0000
      0.6674     16.9869      0.0000      0.0000
      0.7067     17.9861      0.0000      0.0000
      0.7459     18.9854      0.0000      0.0000
      0.7852     19.9846      0.0000      0.0000
      0.0000     10.0000      0.0000      0.0000
      0.0000     10.5000      0.0000      0.0000
      0.0000     11.0000      0.0000      0.0000
      0.0000     11.5000      0.0000      0.0000
      0.0000     12.0000      0.0000      0.0000
      0.0000     12.5000      0.0000      0.0000
      0.0000     13.0000      0.0000      0.0000
      0.0000     13.5000      0.0000      0.0000
      0.0000     14.0000      0.0000      0.0000
      0.0000     14.5000      0.0000      0.0000
      0.0000     15.0000      0.0000      0.0000
      0.0000     15.5000      0.0000      0.0000
      0.0000     16.0000      0.0000      0.0000
      0.0000     16.5000      0.0000      0.0000
      0.0000     17.0000      0.0000      0.0000
      0.0000     17.5000      0.0000      0.0000
      0.0000     18.0000      0.0000      0.0000
      0.0000     18.5000      0.0000      0.0000
      0.0000     19.0000      0.0000      0.0000
      0.0000     19.5000      0.0000      0.0000
      0.0000     20.0000      0.0000      0.0000
           1           3          35          33           2          23          34          22
           3           5          37          35           4          24          36          23
           5           7          39          37           6          25          38          24
           7           9          41          39           8          26          40          25
           9          11          43          41          10          27          42          26
          11          13          45          43          12          28          44          27
          13          15          47          45          14          29          46          28
          15          17          49          47          16          30          48          29
          17          19          51          49          18          31          50          30
          19          21          53          51          20          32          52          31
          33          35          67          65          34          55          66          54
          35          37          69          67          36          56          68          55
          37          39          71          69          38          57          70          56
          39          41          73          71          40          58          72          57
          41          43          75          73          42          59          74          58
          43          45          77          75          44          60          76          59
          45          47          79          77          46          61          78          60
          47          49          81          79          48          62          80          61
          49          51          83          81          50          63          82          62
          51          53          85          83          52          64          84          63
          65          67          99          97          66          87          98          86
          67          69         101          99          68          88         100          87
          69          71         103         101          70          89         102          88
          71          73         105         103          72          90         104          89
          73          75         107         105          74          91         106          90
          75          77         109         107          76          92         108          91
          77          79         111         109          78          93         110          92
          79          81         113         111          80          94         112          93
          81          83         115         113          82          95         114          94
          83          85         117         115          84          96         116          95
          97          99         131         129          98         119         130         118
          99         101         133         131         100         120         132         119
         101         103         135         133         102         121         134         120
         103         105         137         135         104         122         136         121
         105         107         139         137         106         123         138         122
         107         109         141         139         108         124         140         123
         109         111         143         141         110         125         142         124
         111         113         145         143         112         126         144         125
         113         115         147         145         114         127         146         126
         115         117         149         147         116         128         148         127
         129         131         163         161         130         151         162         150
         131         133         165         163         132         152         164         151
         133         135         167         165         134         153         166         152
         135         137         169         167         136         154         168         153
         137         139         171         169         138         155         170         154
         139         141         173         171         140         156         172         155
         141         143         175         173         142         157         174         156
         143         145         177         175         144         158         176         157
         145         147         179         177         146         159         178         158
         147         149         181         179         148         160         180         159
         161         163         195         193         162         183         194         182
         163         165         197         195         164         184         196         183
         165         167         199         197         166         185         198         184
         167         169         201         199         168         186         200         185
         169         171         203         201         170         187         202         186
         171         173         205         203         172         188         204         187
         173         175         207         205         174         189         206         188
         175         177         209         207         176         190         208         189
         177         179         211         209         178         191         210         190
         179         181         213         211         180         192         212         191
         193         195         227         225         194         215         226         214
         195         197         229         227         196         216         228         215
         197         199         231         229         198         217         230         216
         199         201         233         231         200         218         232         217
         201         203         235         233         202         219         234         218
         203         205         237         235         204         220         236         219
         205         207         239         237         206         221         238         220
         207         209         241         239         208         222         240         221
         209         211         243         241         210         223         242         222
         211         213         245         243         212         224         244         223
         225         227         259         257         226         247         258         246
         227         229         261         259         228         248         260         247
         229         231         263         261         230         249         262         248
         231         233         265         263         232         250         264         249
         233         235         267         265         234         251         266         250
         235         237         269         267         236         252         268         251
         237         239         271         269         238         253         270         252
         239         241         273         271         240         254         272         253
         241         243         275         273         242         255         274         254
         243         245         277         275         244         256         276         255
         257         259         291         289         258         279         290         278
         259         261         293         291         260         280         292         279
         261         263         295         293         262         281         294         280
         263         265         297         295         264         282         296         281
         265         267         299         297         266         283         298         282
         267         269         301         299         268         284         300         283
         269         271         303         301         270         285         302         284
         271         273         305         303         272         286         304         285
         273         275         307         305         274         287         306         286
         275         277         309         307         276         288         308         287
         289         291         323         321         290         311         322         310
         291         293         325         323         292         312         324         311
         293         295         327         325         294         313         326         312
         295         297         329         327         296         314         328         313
         297         299         331         329         298         315         330         314
         299         301         333         331         300         316         332         315
         301         303         335         333         302         317         334         316
         303         305         337         335         304         318         336         317
         305         307         339         337         306         319         338         318
         307         309         341         339         308         320         340         319
         321         323         355         353         322         343         354         342
         323         325         357         355         324         344         356         343
         325         327         359         357         326         345         358         344
         327         329         361         359         328         346         360         345
         329         331         363         361         330         347         362         346
         331         333         365         363         332         348         364         347
         333         335         367         365         334         349         366         348
         335         337         369         367         336         350         368         349
         337         339         371         369         338         351         370         350
         339         341         373         371         340         352         372         351
         353         355         387         385         354         375         386         374
         355         357         389         387         356         376         388         375
         357         359         391         389         358         377         390         376
         359         361         393         391         360         378         392         377
         361         363         395         393         362         379         394         378
         363         365         397         395         364         380         396         379
         365         367         399         397         366         381         398         380
         367         369         401         399         368         382         400         381
         369         371         403         401         370         383         402         382
         371         373         405         403         372         384         404         383
         385         387         419         417         386         407         418         406
         387         389         421         419         388         408         420         407
         389         391         423         421         390         409         422         408
         391         393         425         423         392         410         424         409
         393         395         427         425         394         411         426         410
         395         397         429         427         396         412         428         411
         397         399         431         429         398         413         430         412
         399         401         433         431         400         414         432         413
         401         403         435         433         402         415         434         414
         403         405         437         435         404         416         436         415
         417         419         451         449         418         439         450         438
         419         421         453         451         420         440         452         439
         421         423         455         453         422         441         454         440
         423         425         457         455         424         442         456         441
         425         427         459         457         426         443         458         442
         427         429         461         459         428         444         460         443
         429         431         463         461         430         445         462         444
         431         433         465         463         432         446         464         445
         433         435         467         465         434         447         466         446
         435         437         469         467         436         448         468         447
         449         451         483         481         450         471         482         470
         451         453         485         483         452         472         484         471
         453         455         487         485         454         473         486         472
         455         457         489         487         456         474         488         473
         457         459         491         489         458         475         490         474
         459         461         493         491         460         476         492         475
         461         463         495         493         462         477         494         476
         463         465         497         495         464         478         496         477
         465         467         499         497         466         479         498         478
         467         469         501         499         468         480         500         479
         481         483         515         513         482         503         514         502
         483         485         517         515         484         504         516         503
         485         487         519         517         486         505         518         504
         487         489         521         519         488         506         520         505
         489         491         523         521         490         507         522         506
         491         493         525         523         492         508         524         507
         493         495         527         525         494         509         526         508
         495         497         529         527         496         510         528         509
         497         499         531         529         498         511         530         510
         499         501         533         531         500         512         532         511
         513         515         547         545         514         535         546         534
         515         517         549         547         516         536         548         535
         517         519         551         549         518         537         550         536
         519         521         553         551         520         538         552         537
         521         523         555         553         522         539         554         538
         523         525         557         555         524         540         556         539
         525         527         559         557         526         541         558         540
         527         529         561         559         528         542         560         541
         529         531         563         561         530         543         562         542
         531         533         565         563         532         544         564         543
         545         547         579         577         546         567         578         566
         547         549         581         579         548         568         580         567
         549         551         583         581         550         569         582         568
         551         553         585         583         552         570         584         569
         553         555         587         585         554         571         586         570
         555         557         589         587         556         572         588         571
         557         559         591         589         558         573         590         572
         559         561         593         591         560         574         592         573
         561         563         595         593         562         575         594         574
         563         565         597         595         564         576         596         575
         577         579         611         609         578         599         610         598
         579         581         613         611         580         600         612         599
         581         583         615         613         582         601         614         600
         583         585         617         615         584         602         616         601
         585         587         619         617         586         603         618         602
         587         589         621         619         588         604         620         603
         589         591         623         621         590         605         622         604
         591         593         625         623         592         606         624         605
         593         595         627         625         594         607         626         606
         595         597         629         627         596         608         628         607
         609         611         643         641         610         631         642         630
         611         613         645         643         612         632         644         631
         613         615         647         645         614         633         646         632
         615         617         649         647         616         634         648         633
         617         619         651         649         618         635         650         634
         619         621         653         651         620         636         652         635
         621         623         655         653         622         637         654         636
         623         625         657         655         624         638         656         637
         625         627         659         657         626         639         658         638
         627         629         661         659         628         640         660         639
